1.3118,1.3724,1.4575,1.5601,1.6813,1.8143,1.9511,2.0831,2.2033,2.3079,2.3949,2.4633,2.5161,2.5484,2.566,2.5797,2.5885,2.5914,2.5875,2.5767,2.5572,2.5288,2.4927,2.4497,2.3988,2.347,2.2952,2.2375,2.1779,2.1183,2.0606,2.0078,1.9629,1.9257,1.8983,1.8798,1.869,1.8661,1.87,1.8729,1.8749,1.8759,1.8759,1.8759,1.8749,1.869,1.8573,1.8387,1.8172,1.7928,1.7703,1.7498,1.7273,1.7058,1.6852,1.6657,1.6471,1.6285,1.61,1.5904,1.5699,1.5503,1.5308,1.5152,1.5044,1.4956,1.4868,1.4761,1.4643,1.4526,1.4409,1.4282,1.4164,1.4057,1.3969,1.393,1.391,1.3881,1.3851,1.3803,1.3763,1.3734,1.3685,1.3646,1.3607,1.3558,1.349,1.3392,1.3314,1.3245,1.3148,1.3069,1.303,1.3011,1.305,1.3187,1.349,1.3998,1.4731,1.5679,1.6628,1.7625,1.8847,2.0166,2.1486,2.2747,2.3891,2.4907,2.5797,2.654,2.7126,2.7586,2.7928,2.8094,2.8162,2.8211,2.8221,2.8182,2.8065,2.7859,2.7556,2.7136,2.6608,2.5982,2.5318,2.4692,2.4086,2.346,2.2854,2.2297,2.1779,2.132,2.0938,2.0635,2.0401,2.0215,2.0098,2.001,1.9932,1.9863,1.9795,1.9726,1.9648,1.9531,1.9355,1.911,1.8847,1.8592,1.8338,1.8094,1.7879,1.7674,1.7449,1.7214,1.6999,1.6794,1.6598,1.6413,1.6227,1.6041,1.5836,1.563,1.5455,1.5269,1.5083,1.4927,1.479,1.4663,1.4536,1.4409,1.4282,1.4164,1.4037,1.393,1.3832,1.3763,1.3734,1.3685,1.3627,1.3558,1.346,1.3382,1.3343,1.3304,1.3255,1.3216,1.3167,1.3109,1.3069,1.3011,1.2952,1.2893,1.2854,1.2864,1.2942,1.3138,1.3509,1.4115,1.4956,1.5992,1.7009,1.8055,1.9277,2.0567,2.1857,2.3069,2.4145,2.5044,2.5787,2.6364,2.6784,2.7107,2.7283,2.7361,2.7429,2.7458,2.7449,2.7361,2.7175,2.6901,2.653,2.607,2.5503,2.4848,2.4135,2.346,2.2825,2.218,2.1554,2.0978,2.0508,2.0137,1.9844,1.9619,1.9462,1.9316,1.9169,1.9032,1.8905,1.8778,1.8651,1.8524,1.8397,1.826,1.8084,1.7869,1.7644,1.741,1.7165,1.694,1.6764,1.6588,1.6373,1.6158,1.5934,1.5679,1.5396,1.5112,1.4868,1.4653,1.4467,1.4301,1.4154,1.4037,1.391,1.3793,1.3666,1.3548,1.3421,1.3294,1.3177,1.3069,1.2981,1.2913,1.2845,1.2815,1.2796,1.2757,1.2708,1.2649,1.259,1.2532,1.2434,1.2326,1.2239,1.217,1.2102,1.2072,1.2053,1.2014,1.1965,1.1906,1.1848,1.1789,1.176,1.1818,1.2053,1.2512,1.3196,1.4115,1.5044,1.6031,1.7234,1.8543,1.9863,2.1085,2.217,2.3089,2.3851,2.4457,2.4907,2.523,2.5406,2.5474,2.5484,2.5425,2.5308,2.5112,2.4848,2.4516,2.4115,2.3627,2.3079,2.2502,2.1916,2.1378,2.089,2.0381,1.9902,1.9472,1.9101,1.8827,1.8651,1.8543,1.8504,1.8514,1.8553,1.8583,1.8602,1.8612,1.8612,1.8583,1.8514,1.8397,1.8231,1.8035,1.7801,1.7546,1.7283,1.7048,1.6862,1.6676,1.6491,1.6305,1.6129,1.5943,1.5767,1.5582,1.5406,1.5239,1.5093,1.4966,1.4868,1.4809,1.4731,1.4663,1.4594,1.4516,1.4448,1.437,1.4301,1.4252,1.4213,1.4174,1.4145,1.4125,1.4086,1.4008,1.392,1.3851,1.3773,1.3666,1.3558,1.3441,1.3353,1.3294,1.3236,1.3187,1.3167,1.3138,1.3128,1.3138,1.3187,1.3333,1.3646,1.4184,1.4927,1.5885,1.7028,1.8113,1.9159,2.0362,2.1593,2.2766,2.3822,2.4741,2.5523,2.6139,2.6608,2.696,2.7234,2.7429,2.7507,2.7507,2.7458,2.7341,2.7136,2.6823,2.6413,2.5914,2.5357,2.4741,2.4106,2.3451,2.2884,2.2395,2.1887,2.1398,2.0929,2.0508,2.0166,1.9892,1.9687,1.956,1.9462,1.9384,1.9316,1.9257,1.9198,1.913,1.9042,1.8925,1.8798,1.8651,1.8456,1.8231,1.8006,1.7752,1.7458,1.7195,1.6989,1.6804,1.6618,1.6432,1.6246,1.607,1.5855,1.563,1.5415,1.52,1.5015,1.4858,1.4751,1.4673,1.4575,1.4467,1.435,1.4233,1.4125,1.4027,1.3949,1.3881,1.3783,1.3675,1.3587,1.3548,1.35,1.3441,1.3382,1.3294,1.3206,1.3157,1.3138,1.3099,1.3079,1.3079,1.3079,1.3099,1.3109,1.3109,1.3128,1.3148,1.3226,1.3412,1.3803,1.4438,1.5298,1.6354,1.7556,1.869,1.9765,2.0948,2.216,2.3314,2.4321,2.5171,2.5865,2.6413,2.6823,2.7136,2.7351,2.7488,2.7527,2.7488,2.74,2.7243,2.6979,2.6637,2.6227,2.5738,2.5191,2.4604,2.3978,2.3343,2.2786,2.2297,2.1808,2.1329,2.089,2.0518,2.0215,1.999,1.9834,1.9726,1.9638,1.958,1.9531,1.9482,1.9423,1.9335,1.9198,1.9032,1.8827,1.8602,1.8368,1.8133,1.7879,1.7615,1.7361,1.7146,1.697,1.6794,1.6608,1.6432,1.6246,1.607,1.5885,1.5709,1.5494,1.5279,1.5112,1.477,1.433,1.4047,1.3851,1.3705,1.3568,1.3431,1.3294,1.3157,1.3021,1.2903,1.2805,1.2708,1.2649,1.262,1.259,1.2551,1.2502,1.2424,1.2317,1.2219,1.2131,1.2053,1.2014,1.1994,1.1984,1.2004,1.2014,1.2014,1.2014,1.2053,1.219,1.2493,1.3011,1.3754,1.4721,1.5924,1.7292,1.8543,1.9726,2.1017,2.2297,2.349,2.4545,2.5406,2.607,2.6569,2.6931,2.7185,2.7312,2.7302,2.7204,2.7038,2.6813,2.6559,2.6227,2.5806,2.5298,2.4731,2.4106,2.3431,2.2737,2.2053,2.1447,2.0929,2.043,1.9961,1.955,1.9189,1.8895,1.8661,1.8495,1.8377,1.8309,1.825,1.8192,1.8123,1.8045,1.7937,1.7801,1.7615,1.739,1.7146,1.6882,1.6618,1.6354,1.608,1.5787,1.5543,1.5298,1.5015,1.4721,1.4438,1.4184,1.3969,1.3793,1.3636,1.35,1.3343,1.3167,1.303,1.2923,1.2766,1.259,1.2434,1.2287,1.217,1.2072,1.1994,1.1916,1.1848,1.1779,1.1711,1.1681,1.1662,1.1623,1.1564,1.1505,1.1437,1.1378,1.131,1.1241,1.1173,1.1105,1.1036,1.1007,1.0987,1.0948,1.0899,1.0841,1.0772,1.0743,1.0811,1.1046,1.1476,1.216,1.3128,1.4291,1.5425,1.6598,1.7986,1.9443,2.086,2.216,2.3275,2.4184,2.4888,2.5406,2.5767,2.5982,2.6061,2.6031,2.5943,2.5806,2.5582,2.5249,2.4839,2.436,2.3793,2.3157,2.2473,2.176,2.1085,2.0508,1.999,1.9443,1.8954,1.8573,1.8319,1.8192,1.8182,1.8221,1.828,1.8319,1.8328,1.8299,1.827,1.8221,1.8123,1.8006,1.7869,1.7683,1.7458,1.7204,1.695,1.6686,1.6422,1.6178,1.5982,1.5826,1.564,1.5455,1.5259,1.5064,1.4878,1.4702,1.4516,1.435,1.4223,1.4086,1.3988,1.391,1.3803,1.3675,1.3548,1.3421,1.3324,1.3236,1.3167,1.3099,1.2991,1.2903,1.2825,1.2757,1.2717,1.2669,1.261,1.2551,1.2483,1.2414,1.2326,1.2258,1.219,1.2121,1.2072,1.2043,1.2033,1.2023,1.2023,1.2033,1.2121,1.2356,1.2766,1.3431,1.436,1.5533,1.6862,1.8113,1.9326,2.0674,2.2033,2.3333,2.4497,2.5494,2.6315,2.6979,2.7507,2.7908,2.8192,2.8377,2.8456,2.8446,2.8397,2.827,2.8035,2.7703,2.7204,2.6579,2.5963,2.5337,2.4692,2.4018,2.3392,2.2825,2.2239,2.1672,2.1183,2.0802,2.0508,2.0283,2.0127,2.002,1.9941,1.9834,1.9726,1.9619,1.9511,1.9374,1.9218,1.9052,1.8876,1.87,1.8504,1.828,1.8045,1.781,1.7556,1.7322,1.7116,1.6891,1.6676,1.6481,1.6295,1.609,1.5865,1.565,1.5455,1.5259,1.5093,1.4946,1.4839,1.4761,1.4653,1.4545,1.4428,1.4311,1.4194,1.4066,1.3949,1.3842,1.3744,1.3636,1.3548,1.347,1.3372,1.3265,1.3167,1.3089,1.3021,1.2981,1.2981,1.2981,1.2991,1.3001,1.2972,1.2962,1.2952,1.2923,1.2874,1.2835,1.2845,1.2952,1.3226,1.3695,1.4379,1.5288,1.6393,1.7458,1.8504,1.9707,2.0938,2.2092,2.3128,2.4008,2.4751,2.5367,2.5846,2.6168,2.6383,2.65,2.651,2.6461,2.6393,2.6266,2.6061,2.5797,2.5455,2.5024,2.4536,2.3988,2.3392,2.2776,2.2209,2.1681,2.1134,2.0587,2.0088,1.9668,1.9316,1.9052,1.8895,1.8817,1.8749,1.8661,1.8573,1.8485,1.8397,1.8289,1.8172,1.8055,1.7937,1.7791,1.7595,1.737,1.7146,1.6891,1.6618,1.6373,1.6149,1.5885,1.5611,1.5357,1.5142,1.4966,1.4809,1.4633,1.4438,1.4233,1.4047,1.3861,1.3705,1.3587,1.346,1.3343,1.3236,1.3148,1.3079,1.3011,1.2952,1.2893,1.2825,1.2766,1.2717,1.2669,1.259,1.2512,1.2414,1.2317,1.2239,1.2141,1.2023,1.1935,1.1867,1.1799,1.174,1.1711,1.1672,1.1593,1.1515,1.1447,1.1378,1.1339,1.1388,1.1544,1.1867,1.2375,1.3089,1.3871,1.4761,2.74,2.7908,2.8338,2.868,2.8935,2.9062,2.9052,2.8905,2.8641,2.825,2.7752,2.7185,2.6598,2.6022,2.5474,2.4936,2.4399,2.3871,2.3353,2.2845,2.2405,2.2033,2.1672,2.1369,2.1124,2.0919,2.0714,2.0469,2.0186,1.9844,1.9472,1.9052,1.8651,1.826,1.7791,1.7292,1.6774,1.6285,1.5836,1.5445,1.5122,1.4878,1.4712,1.4614,1.4565,1.4575,1.4604,1.4643,1.4673,1.4692,1.4682,1.4663,1.4624,1.4555,1.4448,1.4311,1.4164,1.4066,1.4008,1.3969,1.3969,1.3988,1.3998,1.3969,1.3891,1.3744,1.3548,1.3343,1.3157,1.3021,1.2981,1.3021,1.3099,1.3216,1.3382,1.3568,1.3763,1.3988,1.4203,1.4409,1.4585,1.4712,1.48,1.4868,1.4897,1.4927,1.5034,1.5269,1.5699,1.6364,1.7273,1.8397,1.9687,2.1105,2.2561,2.3803,2.4897,2.6031,2.7097,2.8025,2.8788,2.9404,2.9892,3.0264,3.0557,3.0792,3.0938,3.0958,3.085,3.0674,3.0391,3,2.9511,2.8964,2.8426,2.7908,2.7458,2.7067,2.6735,2.6432,2.6158,2.5885,2.5582,2.5249,2.4868,2.4457,2.4027,2.3578,2.3148,2.2737,2.2375,2.2063,2.1818,2.1613,2.1437,2.1281,2.1153,2.1065,2.1007,2.0968,2.0958,2.0968,2.0987,2.0997,2.0987,2.0958,2.088,2.0714,2.0459,2.0147,1.9795,1.9433,1.9101,1.8817,1.8583,1.8407,1.828,1.8221,1.8201,1.8231,1.8289,1.8377,1.8456,1.8524,1.8563,1.8583,1.8583,1.8583,1.8583,1.8573,1.8563,1.8524,1.8407,1.8211,1.7957,1.7664,1.738,1.7126,1.694,1.6833,1.6804,1.6843,1.6931,1.7067,1.7273,1.7556,1.7928,1.8387,1.8944,1.9599,2.0342,2.1144,2.1984,2.2845,2.3568,2.4194,2.4868,2.5543,2.6197,2.6823,2.74,2.7928,2.8377,2.8759,2.9042,2.9208,2.9257,2.9179,2.8983,2.87,2.8338,2.7889,2.739,2.6833,2.6227,2.5582,2.4927,2.4262,2.3607,2.304,2.2551,2.2063,2.1603,2.1202,2.086,2.0567,2.0313,2.0068,1.9804,1.9531,1.9247,1.8935,1.8641,1.8358,1.8016,1.7674,1.7331,1.6999,1.6696,1.6432,1.6207,1.6022,1.5875,1.5767,1.5709,1.567,1.4946,1.3861,1.3245,1.2864,1.26,1.2414,1.2278,1.218,1.2102,1.2053,1.2033,1.2053,1.2082,1.2111,1.2151,1.2209,1.2258,1.2278,1.2268,1.2199,1.2072,1.1926,1.1789,1.1711,1.1701,1.173,1.1808,1.1916,1.2014,1.2102,1.218,1.2258,1.2346,1.2454,1.26,1.2815,1.306,1.3343,1.3715,1.4184,1.4741,1.5396,1.6149,1.6979,1.7879,1.8817,1.9775,2.0743,2.1544,2.2268,2.306,2.3851,2.4633,2.5357,2.5982,2.651,2.6921,2.7204,2.7341,2.7341,2.7204,2.696,2.6608,2.6158,2.5611,2.4995,2.436,2.3724,2.3118,2.2561,2.2023,2.1505,2.0997,2.0567,2.0176,1.9765,1.9374,1.9022,1.87,1.8426,1.8182,1.7967,1.7761,1.7546,1.7322,1.7097,1.6891,1.6696,1.6471,1.6227,1.5992,1.5787,1.5601,1.5455,1.5337,1.5269,1.523,1.521,1.521,1.522,1.522,1.522,1.522,1.522,1.522,1.52,1.5161,1.5112,1.5073,1.5054,1.5044,1.5064,1.5112,1.5191,1.5308,1.5464,1.563,1.5806,1.5973,1.61,1.6188,1.6217,1.6217,1.6207,1.6207,1.6227,1.6276,1.6364,1.6491,1.6657,1.6882,1.7165,1.7478,1.7801,1.8113,1.8397,1.8631,1.8817,1.8974,1.911,1.9238,1.9413,1.9687,2.0098,2.0655,2.1378,2.2258,2.3245,2.4125,2.4936,2.5836,2.6716,2.7527,2.824,2.8847,2.9365,2.9804,3.0176,3.0469,3.0674,3.0723,3.0635,3.0469,3.0205,2.9814,2.9316,2.8729,2.8065,2.7341,2.6588,2.5826,2.5044,2.4252,2.3539,2.2884,2.2209,2.1564,2.0968,2.045,2.001,1.9638,1.9306,1.9003,1.87,1.8368,1.8074,1.781,1.7537,1.7243,1.6979,1.6764,1.6579,1.6403,1.6227,1.6041,1.5826,1.5572,1.5269,1.4976,1.4682,1.4321,1.391,1.347,1.303,1.26,1.218,1.1779,1.1408,1.1075,1.0762,1.0518,1.0332,1.0127,0.99218,0.97263,0.95406,0.93548,0.91691,0.89638,0.8739,0.85142,0.83089,0.81427,0.80645,0.80645,0.80841,0.81427,0.82209,0.82991,0.83675,0.84457,0.85142,0.85826,0.86706,0.87683,0.88954,0.9042,0.91984,0.93939,0.96676,1.0049,1.0567,1.1241,1.2063,1.3011,1.4057,1.5142,1.6227,1.7165,1.8025,1.8954,1.9883,2.0762,2.1574,2.2317,2.2962,2.35,2.393,2.4233,2.4399,2.4438,2.436,2.4174,2.3891,2.3509,2.306,2.2561,2.2033,2.1505,2.0997,2.0518,2.0078,1.9697,1.9394,1.9159,1.8935,1.8739,1.8592,1.8475,1.8387,1.8309,1.8221,1.8113,1.7996,1.7859,1.7742,1.7625,1.7478,1.7302,1.7097,1.6891,1.6706,1.654,1.6373,1.6197,1.6022,1.5855,1.5699,1.5601,1.5523,1.5455,1.5406,1.5376,1.5376,1.5396,1.5435,1.5484,1.5533,1.5582,1.5601,1.5621,1.564,1.565,1.566,1.5689,1.5738,1.5806,1.5894,1.5982,1.6061,1.6129,1.6188,1.6246,1.6305,1.6364,1.6432,1.6491,1.6549,1.6598,1.6637,1.6667,1.6706,1.6735,1.6784,1.6862,1.696,1.7087,1.7263,1.7478,1.7713,1.7957,1.8211,1.8504,1.8856,1.9296,1.9844,2.0508,2.1281,2.2004,2.2698,2.3539,2.4438,2.5318,2.6158,2.6911,2.7566,2.8113,2.8553,2.8895,2.915,2.9277,2.9316,2.9326,2.9286,2.9169,2.8964,2.868,2.8328,2.7918,2.7458,2.695,2.6413,2.5846,2.5288,2.4731,2.4086,2.3402,2.2708,2.2023,2.1408,2.087,2.0411,2.002,1.9677,1.9365,1.9091,1.8847,1.8583,1.8328,1.8065,1.782,1.7586,1.7351,1.7097,1.6813,1.65,1.6158,1.5855,1.5582,1.5269,1.4966,1.4682,1.4409,1.4145,1.39,1.3685,1.349,1.3294,1.3109,1.2933,1.2796,1.2688,1.2571,1.2454,1.2326,1.2209,1.2092,1.1965,1.1818,1.1642,1.1427,1.1173,1.0978,1.0831,1.0684,1.0577,1.0528,1.0528,1.0547,1.0577,1.0596,1.0596,1.0596,1.0616,1.0655,1.0743,1.086,1.0987,1.1153,1.1359,1.1613,1.1945,1.2385,1.2952,1.3627,1.4409,1.5279,1.6109,1.6921,1.7859,1.8847,1.9824,2.0762,2.1632,2.2424,2.3128,2.3724,2.4194,2.4555,2.48,2.4907,2.4907,2.4829,2.4673,2.4291,2.3881,2.3539,2.3079,2.2551,2.1984,2.1427,2.089,2.045,2.0078,1.9726,1.9423,1.9169,1.8954,1.8768,1.8612,1.8465,1.8328,1.8192,1.8035,1.7859,1.7713,1.7576,1.7419,1.7243,1.7038,1.6813,1.6569,1.6325,1.607,1.5826,1.5582,1.5367,1.521,1.5083,1.4917,1.4751,1.4604,1.4467,1.433,1.4213,1.4125,1.4047,1.3978,1.391,1.3842,1.3803,1.3773,1.3656,1.349,1.3392,1.3343,1.3324,1.3314,1.3304,1.3294,1.3265,1.3206,1.3157,1.3118,1.305,1.2991,1.2972,1.3011,1.3099,1.3216,1.3343,1.348,1.3617,1.3744,1.3891,1.4066,1.4282,1.4526,1.4819,1.5161,1.5543,1.5982,1.6491,1.7087,1.7791,1.8602,1.9501,2.0332,2.1153,2.2121,2.3167,2.4242,2.5308,2.6344,2.7331,2.824,2.9052,2.9765,3.0371,3.086,3.1144,3.129,3.1398,3.1417,3.1329,3.1124,3.0802,3.0391,2.9902,2.9355,2.8759,2.8123,2.7507,2.6901,2.6227,2.5503,2.477,2.4047,2.3363,2.2727,2.2151,2.1642,2.1212,2.085,2.0547,2.0303,2.0088,1.9892,1.9697,1.9472,1.9247,1.8993,1.8661,1.8358,1.8133,1.7889,1.7644,1.7439,1.7243,1.7028,1.6804,1.6569,1.6325,1.6051,1.567,1.5318,1.5044,1.4751,1.4467,1.4242,1.4047,1.3793,1.3519,1.3265,1.3021,1.2737,1.2493,1.2336,1.2199,1.2072,1.1955,1.1877,1.1857,1.1867,1.1867,1.1877,1.1916,1.2014,1.218,1.2434,1.2776,1.3177,1.3627,1.4086,1.4497,1.4858,1.5298,1.5689,1.5973,1.6295,1.6647,1.7038,1.7468,1.7967,1.8534,1.9159,1.9814,2.0567,2.1193,2.1681,2.2258,2.306,2.3822,2.4389,2.5044,2.5748,2.6452,2.7126,2.7752,2.8319,2.8729,2.9022,2.9335,2.958,2.9726,2.9746,2.9619,2.9189,2.8534,2.8035,2.7615,2.7058,2.6481,2.5914,2.5308,2.4575,2.393,2.348,2.3011,2.2483,2.2033,2.173,2.1437,2.1124,2.088,2.0684,2.0469,2.0244,2,1.9726,1.9443,1.9052,1.869,1.8416,1.8104,1.7703,1.7351,1.7146,1.6931,1.6608,1.6315,1.61,1.5846,1.5494,1.5161,1.4917,1.4653,1.433,1.4037,1.3881,1.3754,1.3587,1.3441,1.3363,1.3304,1.3284,1.3294,1.3314,1.3372,1.347,1.3607,1.3724,1.3803,1.3812,1.3783,1.3715,1.3578,1.3392,1.3226,1.3138,1.3079,1.304,1.3021,1.3021,1.305,1.3109,1.3177,1.3284,1.3431,1.3646,1.3851,1.3988,1.4125,1.435,1.4712,1.5005,1.5318,1.5973,1.6891,1.7605,1.8231,1.9355,2.045,2.1466,2.2639,2.3587,2.4379,2.5034,2.5503,2.5846,2.6188,2.6491,2.6745,2.6921,2.7019,2.7028,2.7009,2.65,2.566,2.5083,2.4643,2.4262,2.39,2.3529,2.3148,2.2747,2.2307,2.1848,2.1388,2.0938,2.0518,2.0137,1.9804,1.9531,1.9316,1.913,1.8983,1.8866,1.8759,1.8651,1.8534,1.8407,1.827,1.8113,1.7947,1.7781,1.7625,1.7478,1.7322,1.7155,1.7009,1.6901,1.6813,1.6725,1.6628,1.654,1.6452,1.6364,1.6295,1.6237,1.6168,1.61,1.6031,1.5953,1.5855,1.5748,1.565,1.5543,1.5445,1.5327,1.5191,1.5064,1.4936,1.4761,1.4545,1.4301,1.4066,1.3871,1.3754,1.3705,1.3705,1.3754,1.3842,1.393,1.4018,1.4096,1.4174,1.4242,1.4311,1.4379,1.4448,1.4516,1.4594,1.4682,1.477,1.4868,1.5005,1.5269,1.567,1.6227,1.6931,1.7781,1.8719,1.9697,2.0674,2.1623,2.2483,2.3236,2.3783,2.4194,2.4585,2.4927,2.52,2.5406,2.5533,2.5572,2.5503,2.5318,2.5005,2.4594,2.4135,2.3627,2.3021,2.2366,2.1681,2.0987,2.0293,1.9609,1.8944,1.8319,1.7742,1.7243,1.6823,1.651,1.6276,1.607,1.5914,1.5787,1.5679,1.5572,1.5435,1.5279,1.5103,1.4897,1.4692,1.4526,1.436,1.4154,1.3939,1.3724,1.35,1.3275,1.305,1.2835,1.263,1.2444,1.2278,1.2121,1.2014,1.1935,1.1848,1.1769,1.1701,1.1632,1.1554,1.1466,1.1388,1.132,1.1251,1.1173,1.1114,1.1065,1.0978,1.085,1.0704,1.0577,1.0499,1.0469,1.0489,1.0547,1.0626,1.0704,1.0762,1.0811,1.085,1.085,1.0831,1.0811,1.0802,1.0821,1.089,1.1026,1.1232,1.1535,1.1965,1.2434,1.2991,1.3724,1.4594,1.5562,1.6588,1.7615,1.8622,1.9589,2.0508,2.1359,2.2151,2.2874,2.3431,2.3881,2.435,2.479,2.5181,2.5474,2.567,2.5738,2.567,2.5474,2.5181,2.479,2.437,2.391,2.3392,2.2835,2.2248,2.1652,2.1065,2.0518,2.002,1.9589,1.9238,1.8944,1.8719,1.8543,1.8397,1.825,1.8104,1.7928,1.7722,1.7478,1.7204,1.6931,1.6657,1.6393,1.6178,1.6022,1.5914,1.5826,1.5748,1.566,1.5562,1.5435,1.5269,1.5064,1.4848,1.4624,1.437,1.4106,1.3881,1.3695,1.349,1.3294,1.3109,1.2933,1.2766,1.263,1.2522,1.2444,1.2395,1.2385,1.2424,1.2493,1.2571,1.2708,1.2864,1.2942,1.2962,1.2933,1.2884,1.2854,1.2845,1.2864,1.2903,1.2952,1.3011,1.306,1.3109,1.3177,1.3275,1.3412,1.3617,1.3871,1.4125,1.4389,1.4653,1.4907,1.5181,1.5523,1.5982,1.6608,1.7429,1.8465,1.9687,2.1026,2.2463,2.392,2.5337,2.6667,2.7713,2.8553,2.9374,3.0088,3.0665,3.1114,3.1417,3.1564,3.1564,3.1408,3.1105,3.0674,3.0176,2.9648,2.9062,2.8456,2.7859,2.7283,2.6735,2.6217,2.5718,2.522,2.4712,2.4194,2.3705,2.3236,2.2766,2.2336,2.1916,2.1544,2.1212,2.088,2.0528,2.0186,1.9863,1.956,1.9316,1.912,1.8974,1.8856,1.8759,1.8661,1.8543,1.8387,1.8182,1.7908,1.7586,1.7224,1.6852,1.654,1.6237,1.5894,1.5543,1.5191,1.4829,1.4477,1.4106,1.3744,1.3392,1.306,1.2766,1.2483,1.2258,1.2072,1.1848,1.1603,1.1349,1.1065,1.0772,1.0479,1.0205,0.99707,0.97654,0.95894,0.94721,0.93842,0.92473,0.90909,0.89345,0.88074,0.8739,0.87097,0.87292,0.88074,0.89345,0.91105,0.93353,0.95894,0.9912,1.0342,1.0899,1.1603,1.2463,1.346,1.4594,1.5846,1.7185,1.8573,1.9971,2.1163,2.2219,2.3324,2.4379,2.5347,2.6188,2.6891,2.7458,2.7859,2.8055,2.8055,2.7869,2.7517,2.7058,2.65,2.5806,2.5034,2.4242,2.3451,2.2678,2.1945,2.1281,2.0674,2.0147,1.9707,1.9365,1.9071,1.8778,1.8504,1.827,1.8065,1.7869,1.7664,1.7429,1.7165,1.6882,1.6588,1.6285,1.6022,1.5797,1.5582,1.5386,1.52,1.5005,1.4809,1.4624,1.4448,1.4321,1.4233,1.4164,1.4125,1.4106,1.4076,1.4018,1.392,1.3783,1.3607,1.3382,1.3128,1.2864,1.26,1.2356,1.216,1.2053,1.2014,1.1994,1.1984,1.1984,1.1965,1.1926,1.1848,1.174,1.1632,1.1544,1.1476,1.1457,1.1457,1.1437,1.1378,1.1281,1.1183,1.1095,1.1056,1.1075,1.1173,1.1339,1.1544,1.1799,1.2102,1.2444,1.2884,1.3441,1.4174,1.5083,1.6149,1.7361,1.869,2.0098,2.1525,2.2962,2.4184,2.5259,2.6432,2.7634,2.8807,2.9883,3.0831,3.1652,3.2326,3.2845,3.3177,3.3294,3.3216,3.2981,3.263,3.216,3.1574,3.0919,3.0225,2.9511,2.8798,2.8104,2.6882,2.5435,2.4448,2.3744,2.3196,2.2698,2.2239,2.1828,2.1457,2.1134,2.085,2.0596,2.0371,2.0166,2,1.9853,1.9726,1.9619,1.956,1.955,1.958,1.9629,1.9677,1.9697,1.9687,1.9629,1.9511,1.9335,1.915,1.8935,1.8661,1.8338,1.7986,1.7625,1.7283,1.6979,1.6716,1.6481,1.6295,1.6149,1.6041,1.5943,1.5855,1.5787,1.5709,1.563,1.5543,1.5435,1.5308,1.5171,1.5015,1.4878,1.4761,1.4692,1.4653,1.4633,1.4624,1.4614,1.4575,1.4536,1.4506,1.4487,1.4477,1.4477,1.4477,1.4477,1.4467,1.4438,1.4418,1.4418,1.4448,1.4565,1.4819,1.521,1.5758,1.6461,1.7292,1.8221,1.9042,1.9804,2.0635,2.1437,2.216,2.2776,2.3275,2.3646,2.39,2.4057,2.4125,2.4115,2.4027,2.3881,2.3656,2.3333,2.2923,2.2424,2.1867,2.1251,2.0616,1.999,1.9394,1.8827,1.8299,1.7879,1.7507,1.7116,1.6735,1.6393,1.609,1.5826,1.5591,1.5386,1.5191,1.5015,1.4839,1.4702,1.4594,1.4487,1.4379,1.4282,1.4194,1.4106,1.4008,1.391,1.3803,1.3695,1.3568,1.3431,1.3353,1.3294,1.3216,1.3148,1.3109,1.3089,1.3099,1.3138,1.3196,1.3245,1.3284,1.3304,1.3324,1.3304,1.3216,1.3089,1.2913,1.2708,1.2483,1.2258,1.2063,1.1877,1.173,1.1652,1.1652,1.172,1.1857,1.2033,1.2229,1.2434,1.2649,1.2903,1.3226,1.3666,1.4242,1.4976,1.5855,1.6706,1.7576,1.8651,1.9902,2.1339,2.2991,2.4907,2.7126,2.9658,3.2473,3.5464,3.7742,3.8886,3.9453,3.9736,3.9883,3.9951,3.999,4.001,4.002,3.9902,3.9501,3.8886,3.8162,3.7341,3.6471,3.5562,3.4643,3.3715,3.2805,3.1926,3.1065,3.0225,2.9404,2.8602,2.7879,2.7204,2.651,2.5826,2.5152,2.4506,2.39,2.3333,2.2805,2.2326,2.1867,2.1427,2.1056,2.0733,2.042,2.0127,1.9834,1.9521,1.9218,1.8915,1.8602,1.8289,1.7977,1.7674,1.7419,1.7185,1.6931,1.6686,1.5386,1.3597,1.2639,1.2092,1.176,1.1535,1.1369,1.1232,1.1114,1.1026,1.0958,1.089,1.0821,1.0772,1.0762,1.0802,1.0909,1.1085,1.1329,1.1632,1.1984,1.2317,1.263,1.2981,1.3343,1.3685,1.4008,1.4291,1.4526,1.4731,1.4888,1.5015,1.5103,1.5171,1.52,1.52,1.5181,1.5142,1.5073,1.4966,1.4829,1.4673,1.4487,1.4282,1.4066,1.3842,1.3646,1.346,1.3275,1.3089,1.2923,1.2776,1.2669,1.259,1.2512,1.2454,1.2405,1.2356,1.2307,1.2258,1.2219,1.218,1.2141,1.2092,1.2033,1.1965,1.1877,1.1779,1.1672,1.1544,1.1408,1.1281,1.1144,1.0978,1.0792,1.0587,1.0371,1.0156,0.99609,0.97752,0.9609,0.94721,0.93646,0.92864,0.92473,0.92375,0.92375,0.92278,0.92082,0.91789,0.91398,0.90714,0.89932,0.89052,0.88074,0.86804,0.85728,0.84653,0.82991,0.81036,0.78886,0.76637,0.74389,0.71457,0.66471,0.56891,0.39589,0.21408,0.10655,0.052786,0.026393,0.012708,0.0058651,0.0029326,0.00097752,0,0,0,0,0,0,0,0,0.11632,0.46628,0.97458,1.5249,2.0489,2.5093,2.8905,3.1887,3.4115,3.5709,3.6774,3.7322,3.7517,3.7556,3.7419,3.7107,3.6637,3.6022,3.5298,3.4497,3.3636,3.2747,3.1857,3.1017,3.0205,2.9394,2.8612,2.7869,2.7175,2.653,2.5934,2.5376,2.4868,2.4379,2.391,2.346,2.303,2.262,2.2209,2.1789,2.1359,2.0929,2.0499,2.0088,1.9697,1.9326,1.8964,1.8631,1.8328,1.8045,1.7771,1.7507,1.7253,1.7019,1.6794,1.6579,1.6383,1.6197,1.6022,1.5855,1.5709,1.5572,1.5445,1.5327,1.522,1.5112,1.5015,1.4917,1.4819,1.4721,1.4624,1.4545,1.4467,1.4399,1.433,1.4272,1.4203,1.4135,1.4076,1.4008,1.3949,1.3891,1.3832,1.3783,1.3724,1.3666,1.3607,1.3548,1.35,1.346,1.3431,1.3421,1.346,1.3568,1.3734,1.3978,1.4291,1.4653,1.4995,1.5327,1.5718,1.6119,1.652,1.6882,1.7214,1.7498,1.7752,1.7967,1.8162,1.8319,1.8416,1.8475,1.8543,1.8602,1.8631,1.8622,1.8583,1.8504,1.8377,1.8231,1.8045,1.784,1.7615,1.739,1.9531,1.9443,1.9345,1.9247,1.915,1.9062,1.8974,1.8895,1.8827,1.8768,1.8729,1.869,1.8651,1.8612,1.8573,1.8543,1.8514,1.8485,1.8446,1.8407,1.8368,1.8328,1.8289,1.826,1.8221,1.8182,1.8133,1.8094,1.8055,1.8016,1.7977,1.7937,1.7898,1.7331,1.651,1.6031,1.566,1.5347,1.5093,1.4878,1.4673,1.4477,1.4291,1.4106,1.3939,1.3783,1.3636,1.3539,1.347,1.3372,1.3265,1.3177,1.3109,1.305,1.3001,1.2972,1.2981,1.3011,1.305,1.3099,1.3148,1.3177,1.3177,1.3148,1.3118,1.3069,1.2981,1.2893,1.2845,1.2835,1.2923,1.3177,1.3539,1.4037,1.478,1.5738,1.6852,1.8084,1.9394,2.0714,2.1984,2.3196,2.4311,2.5308,2.6051,2.6628,2.7185,2.7664,2.8065,2.8387,2.8641,2.8817,2.8905,2.8905,2.8798,2.8573,2.824,2.7859,2.741,2.6862,2.6246,2.5591,2.4927,2.4301,2.3715,2.3148,2.263,2.216,2.173,2.1378,2.1095,2.0811,2.0557,2.0332,2.0108,1.9873,1.9648,1.9423,1.9198,1.8964,1.8739,1.8543,1.8358,1.8133,1.7898,1.7644,1.738,1.7097,1.6804,1.6491,1.6178,1.5885,1.5611,1.5347,1.5161,1.5024,1.4858,1.4692,1.4516,1.435,1.4184,1.4018,1.3881,1.3754,1.3627,1.349,1.3402,1.3333,1.3236,1.3118,1.2991,1.2874,1.2786,1.2698,1.259,1.2493,1.2414,1.2326,1.2239,1.219,1.218,1.2151,1.2102,1.2033,1.1955,1.1867,1.1779,1.1691,1.1623,1.1603,1.1662,1.1838,1.216,1.2688,1.3441,1.4409,1.5572,1.6891,1.8328,1.9804,2.1271,2.2678,2.3988,2.5152,2.6041,2.6755,2.7449,2.8104,2.87,2.9228,2.9697,3.0108,3.0411,3.0596,3.0655,3.0606,3.0459,3.0205,2.9844,2.9394,2.8856,2.826,2.7605,2.694,2.6285,2.565,2.5054,2.4487,2.3978,2.3568,2.3226,2.2903,2.261,2.2356,2.2151,2.1955,2.175,2.1535,2.132,2.1095,2.086,2.0645,2.045,2.0225,1.999,1.9736,1.9482,1.9247,1.9003,1.8729,1.8436,1.8162,1.7928,1.7703,1.7537,1.738,1.7195,1.6989,1.6784,1.6579,1.6383,1.6188,1.6002,1.5816,1.5611,1.5406,1.5259,1.5142,1.4985,1.4829,1.4682,1.4545,1.4409,1.4262,1.4115,1.3978,1.3832,1.3685,1.3548,1.3441,1.3353,1.3245,1.3118,1.2991,1.2854,1.2717,1.2581,1.2454,1.2346,1.2268,1.2229,1.2248,1.2336,1.2542,1.2933,1.3568,1.4448,1.5543,1.6833,1.825,1.9717,2.1193,2.263,2.3959,2.5024,2.5904,2.6764,2.7537,2.8182,2.8485,2.8583,2.8759,2.8944,2.9081,2.9169,2.9169,2.9062,2.8847,2.8534,2.8143,2.7664,2.7097,2.6452,2.5767,2.5064,2.4389,2.3744,2.3128,2.2561,2.2082,2.1681,2.131,2.0997,2.0733,2.0508,2.0303,2.0117,1.9932,1.9726,1.9531,1.9316,1.9101,1.8886,1.8631,1.8358,1.8055,1.7742,1.7419,1.7097,1.6823,1.6569,1.6295,1.6012,1.5777,1.5572,1.5337,1.5083,1.4829,1.4585,1.434,1.4106,1.3881,1.3675,1.347,1.3275,1.3079,1.2942,1.2835,1.2708,1.2571,1.2444,1.2346,1.2268,1.219,1.2111,1.2023,1.1935,1.1857,1.1818,1.1799,1.176,1.172,1.1681,1.1632,1.1584,1.1535,1.1486,1.1437,1.1398,1.1369,1.1369,1.1447,1.1623,1.1935,1.2424,1.3148,1.4115,1.5308,1.6667,1.8152,1.9687,2.1193,2.262,2.3783,2.4761,2.5728,2.6598,2.7351,2.7977,2.8485,2.8876,2.9169,2.9365,2.9472,2.9501,2.9433,2.9257,2.8993,2.8651,2.8231,2.7732,2.7175,2.6579,2.5943,2.5298,2.4653,2.4047,2.349,2.304,2.2669,2.2326,2.2043,2.1799,2.1584,2.1388,2.1193,2.0987,2.0762,2.0538,2.0283,2,1.9746,1.9511,1.9257,1.8974,1.8671,1.8348,1.8055,1.7761,1.7449,1.7126,1.6813,1.651,1.6266,1.6041,1.5748,1.5445,1.5181,1.4927,1.4682,1.4448,1.4233,1.4018,1.3812,1.3617,1.3441,1.3333,1.3245,1.3128,1.3011,1.2884,1.2717,1.2542,1.2375,1.2219,1.2072,1.1926,1.1779,1.1672,1.1584,1.1466,1.1339,1.1202,1.1075,1.0948,1.0831,1.0723,1.0645,1.0587,1.0528,1.0508,1.0577,1.0733,1.1017,1.1476,1.217,1.3138,1.436,1.5777,1.7312,1.8895,2.0469,2.1975,2.3206,2.4223,2.5239,2.6188,2.7038,2.7791,2.8426,2.8964,2.9413,2.9756,3,3.0137,3.0166,3.0088,2.9922,2.9677,2.9345,2.8915,2.8397,2.7791,2.7116,2.6403,2.567,2.4936,2.4233,2.3636,2.3109,2.26,2.2131,2.172,2.1369,2.1075,2.0821,2.0616,2.0411,2.0196,1.9971,1.9736,1.9521,1.9306,1.9062,1.8798,1.8524,1.824,1.7947,1.7634,1.7312,1.6999,1.6696,1.6403,1.6168,1.5953,1.5699,1.5445,1.52,1.4956,1.4721,1.4487,1.4252,1.4027,1.3812,1.3617,1.3353,1.3069,1.2825,1.263,1.2463,1.2287,1.2102,1.1926,1.176,1.1632,1.1535,1.1437,1.1349,1.131,1.129,1.1241,1.1183,1.1124,1.1075,1.1026,1.0997,1.0968,1.0929,1.088,1.0831,1.0821,1.0841,1.0899,1.1075,1.1398,1.1916,1.2678,1.3695,1.4936,1.6344,1.7869,1.9433,2.0958,2.2229,2.3314,2.4438,2.5474,2.6403,2.7214,2.7908,2.8495,2.8964,2.9335,2.9599,2.9756,2.9775,2.9687,2.955,2.9326,2.8983,2.8524,2.7977,2.7351,2.6657,2.5914,2.5161,2.4409,2.3705,2.3099,2.2571,2.2063,2.1603,2.1212,2.088,2.0596,2.0342,2.0108,1.9873,1.9638,1.9404,1.9189,1.8974,1.8719,1.8436,1.8133,1.784,1.7546,1.7234,1.6911,1.6588,1.6285,1.5992,1.5699,1.5464,1.5249,1.5005,1.4761,1.4526,1.4282,1.4047,1.3803,1.3587,1.3402,1.3236,1.3079,1.2952,1.2845,1.2688,1.2522,1.2336,1.2151,1.1975,1.1838,1.172,1.1613,1.1515,1.1388,1.1251,1.1163,1.1095,1.0987,1.086,1.0733,1.0606,1.0499,1.0401,1.0323,1.0235,1.0137,1.0049,1,0.99902,0.99707,1,1.0127,1.043,1.0958,1.174,1.2786,1.4076,1.5543,1.7126,1.8768,2.0196,2.1476,2.2805,2.4057,2.5161,2.6109,2.6911,2.7566,2.8084,2.8495,2.8817,2.9042,2.913,2.913,2.9081,2.8954,2.8749,2.8456,2.8074,2.7576,2.6979,2.6305,2.5572,2.4819,2.4086,2.3451,2.2913,2.2385,2.1906,2.1496,2.1144,2.086,2.0635,2.045,2.0283,2.0127,1.9951,1.9775,1.9589,1.9384,1.9169,1.8915,1.8641,1.8358,1.8094,1.784,1.7586,1.7302,1.6989,1.6676,1.6432,1.6207,1.5963,1.5718,1.5464,1.52,1.4936,1.4682,1.4428,1.4145,1.3851,1.3578,1.3372,1.3216,1.304,1.2864,1.2678,1.2493,1.2297,1.2121,1.1975,1.1857,1.1779,1.1711,1.1652,1.1642,1.1632,1.1574,1.1496,1.1408,1.131,1.1232,1.1153,1.1075,1.0997,1.0909,1.0821,1.0792,1.0802,1.086,1.1026,1.1359,1.1926,1.2757,1.3861,1.52,1.6725,1.8358,2.002,2.1437,2.2698,2.4018,2.5288,2.6461,2.7527,2.8485,2.9316,3.0049,3.0665,3.1163,3.1554,3.1838,3.1955,3.1965,3.1926,3.1779,3.1525,3.1163,3.0205,2.8925,2.7947,2.7107,2.6315,2.5543,2.4858,2.4252,2.3646,2.3069,2.2542,2.2063,2.1652,2.131,2.1007,2.0733,2.0489,2.0254,2.002,1.9814,1.9629,1.9404,1.914,1.8856,1.8573,1.8309,1.8035,1.7732,1.7429,1.7126,1.6823,1.6559,1.6325,1.607,1.5816,1.5552,1.5298,1.5034,1.478,1.4545,1.434,1.4145,1.3939,1.3724,1.3548,1.3402,1.3236,1.3099,1.2991,1.2893,1.2805,1.2717,1.262,1.2512,1.2405,1.2297,1.2239,1.219,1.2131,1.2053,1.1975,1.1887,1.1828,1.1769,1.172,1.1701,1.1681,1.1652,1.1632,1.1652,1.1691,1.173,1.1828,1.2023,1.2366,1.2893,1.3636,1.4604,1.5797,1.7175,1.868,2.0039,2.13,2.2698,2.4115,2.5464,2.6716,2.7859,2.8895,2.9814,3.0635,3.1359,3.1984,3.2512,3.2845,3.3021,3.3157,3.3226,3.3206,3.3089,3.2874,3.2551,3.2141,3.1652,3.1105,3.0508,2.9912,2.9345,2.8798,2.8289,2.783,2.7419,2.7077,2.6794,2.6549,2.6344,2.6149,2.5963,2.5748,2.5513,2.5259,2.4995,2.4712,2.4418,2.4125,2.3822,2.3509,2.3187,2.2854,2.2502,2.2131,2.1789,2.1466,2.1124,2.0762,2.0401,2.0039,1.9677,1.9296,1.8915,1.8543,1.8182,1.783,1.7507,1.7253,1.7028,1.6784,1.653,1.6276,1.6022,1.5787,1.5562,1.5318,1.5093,1.4868,1.4643,1.4467,1.4321,1.4164,1.3998,1.3832,1.3656,1.349,1.3324,1.3167,1.3021,1.2884,1.2757,1.263,1.2522,1.2424,1.2297,1.218,1.2111,1.2141,1.2317,1.2678,1.3245,1.4047,1.5064,1.6246,1.7361,1.8446,1.9677,2.0938,2.216,2.3304,2.436,2.5298,2.6119,2.6804,2.737,2.784,2.8201,2.8407,2.8485,2.8524,2.8485,2.8328,2.8084,2.7732,2.7263,2.6696,2.607,2.5406,2.4712,2.4086,2.35,2.2884,2.2278,2.172,2.1222,2.0802,2.0469,2.0205,1.998,1.9795,1.9638,1.9501,1.9374,1.9218,1.9013,1.8768,1.8514,1.824,1.7967,1.7683,1.738,1.7107,1.6833,1.6549,1.6295,1.6061,1.5797,1.5523,1.5259,1.4995,1.4721,1.4457,1.4213,1.3959,1.3715,1.348,1.3304,1.3157,1.3001,1.2835,1.2669,1.2493,1.2326,1.2151,1.1975,1.1818,1.1672,1.1535,1.1398,1.1017,1.0528,1.0244,1.0078,0.99511,0.98534,0.97654,0.96579,0.95503,0.94526,0.93842,0.93353,0.93157,0.93157,0.92962,0.92669,0.92375,0.92082,0.92082,0.92473,0.93744,0.96383,1.0088,1.0753,1.1623,1.2522,1.348,1.4633,1.5865,1.7107,1.8309,1.9433,2.045,2.1329,2.2072,2.2708,2.3236,2.3587,2.3822,2.4037,2.4194,2.4272,2.4262,2.4154,2.3969,2.3695,2.3343,2.2923,2.2444,2.1926,2.1437,2.0968,2.0479,1.998,1.9501,1.9081,1.8719,1.8426,1.8192,1.8025,1.7889,1.7771,1.7664,1.7556,1.7429,1.7243,1.7009,1.6725,1.6393,1.6012,1.5601,1.5191,1.4751,1.4272,1.3773,1.3333,1.2942,1.2493,1.2023,1.1554,1.1095,1.0665,1.0264,0.98925,0.95406,0.92082,0.88856,0.86315,0.84262,0.82111,0.79863,0.77615,0.75269,0.72923,0.7087,0.6911,0.67449,0.65787,0.64223,0.62659,0.61681,0.61193,0.60508,0.59824,0.5914,0.58749,0.58358,0.57771,0.57087,0.56403,0.55914,0.55425,0.55425,0.55621,0.55523,0.55327,0.55327,0.55523,0.56207,0.58162,0.61779,0.67351,0.75073,0.84946,0.96579,1.0782,1.1906,1.3196,1.4506,1.5787,1.6999,1.8113,1.9101,1.998,2.0753,2.1417,2.1984,2.2395,2.2698,2.2991,2.3236,2.3402,2.348,2.347,2.3363,2.3128,2.2796,2.2366,2.1848,2.1271,2.0733,2.0215,1.9638,1.9062,1.8495,1.7957,1.7449,1.6999,1.6618,1.6305,1.6051,1.5836,1.565,1.5484,1.5318,1.5142,1.4956,1.477,1.4555,1.4321,1.4086,1.3851,1.3617,1.3372,1.3118,1.2903,1.2708,1.2473,1.2219,1.1975,1.1769,1.1574,1.1378,1.1183,1.0978,1.0762,1.0547,1.0391,1.0264,1.0108,0.99316,0.97654,0.9609,0.94526,0.93157,0.91887,0.90714,0.89541,0.8827,0.8739,0.86901,0.86217,0.85533,0.84751,0.83969,0.83187,0.82405,0.81623,0.80938,0.8045,0.79961,0.79668,0.79668,0.79765,0.79668,0.79374,0.79277,0.79374,0.79668,0.80352,0.82307,0.85826,0.91202,0.98631,1.0665,1.1554,1.2688,1.3959,1.5298,1.6637,1.7928,1.912,2.0186,2.1105,2.1877,2.2512,2.304,2.3392,2.3617,2.3812,2.3959,2.4037,2.4027,2.392,2.3744,2.349,2.3148,2.2737,2.2258,2.1779,2.131,2.0782,2.0244,1.9726,1.9218,1.8739,1.9619,2.1212,2.1887,2.2131,2.218,2.2131,2.2043,2.1935,2.1808,2.1681,2.1535,2.1378,2.1212,2.1026,2.0811,2.0587,2.0342,2.0068,1.9834,1.9609,1.9365,1.912,1.8876,1.8622,1.8377,1.8143,1.7918,1.7703,1.7488,1.7283,1.7077,1.6911,1.6764,1.6588,1.6413,1.6237,1.607,1.5904,1.5738,1.5572,1.5415,1.5279,1.5142,1.5054,1.5005,1.4936,1.4868,1.4819,1.477,1.4731,1.4692,1.4643,1.4594,1.4536,1.4467,1.437,1.4311,1.4282,1.4213,1.4125,1.4057,1.4027,1.4096,1.4311,1.4692,1.5298,1.6149,1.7224,1.8309,1.9423,2.0753,2.217,2.3587,2.4956,2.6237,2.74,2.8436,2.9335,3.0117,3.0802,3.1398,3.1799,3.2082,3.2366,3.26,3.2757,3.2825,3.2796,3.2659,3.2395,3.2014,3.1535,3.0968,3.0381,2.9795,2.914,2.8446,2.7761,2.7097,2.6471,2.5885,2.5357,2.4888,2.4497,2.4174,2.3891,2.3646,2.3441,2.3236,2.3021,2.2805,2.26,2.2395,2.217,2.1916,2.1672,2.1417,2.1134,2.086,2.0616,2.0352,2.0068,1.9765,1.9462,1.9169,1.8876,1.8583,1.8319,1.8045,1.7791,1.7556,1.738,1.7224,1.7048,1.6852,1.6667,1.6491,1.6315,1.6149,1.5982,1.5816,1.565,1.5484,1.5376,1.5298,1.522,1.5142,1.5034,1.4946,1.4858,1.4751,1.4653,1.4565,1.4467,1.4379,1.433,1.4282,1.4194,1.4096,1.4008,1.393,1.3891,1.391,1.4018,1.4291,1.4761,1.5445,1.6364,1.7331,1.8368,1.9638,2.1036,2.2483,2.3881,2.5181,2.6354,2.74,2.8299,2.9081,2.9746,3.0215,3.0557,3.089,3.1183,3.1408,3.1554,3.1593,3.1525,3.1339,3.1046,3.0665,3.0186,2.9619,2.9062,2.8495,2.7859,2.7214,2.6588,2.6012,2.5484,2.4995,2.4555,2.4184,2.3881,2.3597,2.3363,2.3177,2.2991,2.2796,2.259,2.2385,2.218,2.1965,2.173,2.1496,2.1251,2.1007,2.0753,2.0528,2.0313,2.0059,1.9775,1.9472,1.9169,1.8895,1.8612,1.8328,1.8074,1.784,1.7625,1.7458,1.7292,1.7077,1.6862,1.6637,1.6432,1.6246,1.607,1.5904,1.5738,1.5582,1.5445,1.5318,1.5259,1.5239,1.52,1.5152,1.5093,1.5024,1.4936,1.4848,1.477,1.4663,1.4545,1.4448,1.4399,1.3402,1.1887,1.1065,1.0596,1.0323,1.0147,1.0049,1.0029,1.0147,1.043,1.0929,1.1662,1.2483,1.3441,1.4663,1.6061,1.7546,1.9042,2.0469,2.1779,2.2952,2.3959,2.4809,2.5513,2.6002,2.6344,2.6657,2.6891,2.7048,2.7097,2.7048,2.6882,2.6618,2.6256,2.5806,2.5279,2.4692,2.4125,2.3568,2.2952,2.2317,2.1691,2.1085,2.0518,2.002,1.9599,1.9247,1.8954,1.8719,1.8543,1.8407,1.827,1.8143,1.8006,1.7849,1.7674,1.7458,1.7224,1.697,1.6696,1.6403,1.6109,1.5855,1.563,1.5386,1.5122,1.4848,1.4575,1.4301,1.4027,1.3754,1.349,1.3226,1.2972,1.2805,1.2659,1.2473,1.2297,1.2121,1.1945,1.1769,1.1603,1.1457,1.132,1.1193,1.1056,1.0929,1.0841,1.0782,1.0723,1.0665,1.0587,1.0518,1.044,1.0352,1.0264,1.0176,1.0108,1.0068,1.0068,1.0088,1.0088,1.0078,1.0059,1.0039,1.002,1.002,1.0059,1.0186,1.0469,1.0958,1.1681,1.2493,1.3441,1.4673,1.609,1.7605,1.912,2.0577,2.1926,2.3148,2.4213,2.5103,2.5826,2.6325,2.6676,2.7009,2.7302,2.7507,2.7634,2.7674,2.7634,2.7498,2.7273,2.694,2.653,2.61,2.563,2.5083,2.4487,2.3881,2.3275,2.2678,2.2121,2.1623,2.1202,2.085,2.0567,2.0342,2.0147,1.998,1.9804,1.9638,1.9472,1.9286,1.9081,1.8866,1.8651,1.8446,1.824,1.8006,1.7791,1.7566,1.7283,1.6979,1.6676,1.6373,1.607,1.5777,1.5503,1.5239,1.4995,1.478,1.4565,1.4389,1.4252,1.4106,1.3959,1.3793,1.3627,1.346,1.3294,1.3138,1.2981,1.2854,1.2737,1.2659,1.26,1.2532,1.2454,1.2375,1.2278,1.216,1.2053,1.1945,1.1828,1.1711,1.1613,1.1515,1.1466,1.1437,1.1369,1.13,1.1241,1.1212,1.1271,1.1466,1.1838,1.2444,1.3294,1.4389,1.5503,1.6647,1.8035,1.9541,2.1065,2.2561,2.3988,2.5308,2.65,2.7566,2.8495,2.9296,2.9971,3.044,3.0772,3.1105,3.1378,3.1574,3.1691,3.1691,3.1584,3.1369,3.1026,3.0547,2.9961,2.9345,2.869,2.7957,2.7185,2.6422,2.5699,2.5015,2.4379,2.3812,2.3304,2.2845,2.2434,2.2082,2.1779,2.1496,2.1222,2.0978,2.0733,2.0489,2.0215,1.9717,1.913,1.869,1.8309,1.7947,1.7654,1.738,1.7087,1.6784,1.6491,1.6197,1.5885,1.5562,1.5239,1.4917,1.4594,1.4291,1.3998,1.3763,1.3558,1.3314,1.3069,1.2864,1.2678,1.2512,1.2346,1.218,1.2023,1.1867,1.1711,1.1593,1.1515,1.1447,1.1369,1.129,1.1212,1.1134,1.1056,1.0968,1.088,1.0811,1.0743,1.0684,1.0665,1.0665,1.0626,1.0547,1.0469,1.0391,1.0332,1.0323,1.042,1.0684,1.1153,1.1857,1.2649,1.3558,1.4712,1.6041,1.7468,1.8915,2.0313,2.1603,2.2757,2.3773,2.4643,2.5376,2.5982,2.6403,2.6706,2.6979,2.7185,2.7312,2.7361,2.7331,2.7214,2.6999,2.6686,2.6276,2.5767,2.5249,2.4702,2.4086,2.3441,2.2786,2.2151,2.1564,2.1017,2.0528,2.0108,1.9736,1.9404,1.912,1.8895,1.871,1.8514,1.8309,1.8074,1.783,1.7595,1.7351,1.7107,1.6833,1.6549,1.6266,1.6002,1.5738,1.5445,1.5142,1.4829,1.4516,1.4203,1.391,1.3627,1.3343,1.3069,1.2805,1.26,1.2454,1.2278,1.2092,1.1896,1.1701,1.1525,1.1359,1.1202,1.1065,1.0938,1.0821,1.0704,1.0626,1.0557,1.0469,1.0362,1.0264,1.0166,1.0059,0.99511,0.98631,0.97752,0.9697,0.96383,0.96285,0.96383,0.95992,0.95406,0.94721,0.93939,0.92962,0.91984,0.91202,0.90909,0.91593,0.93842,0.98045,1.0352,1.1056,1.2033,1.3226,1.4565,1.6012,1.7488,1.8925,2.0274,2.1505,2.2581,2.3519,2.4223,2.4761,2.5288,2.5748,2.6119,2.6393,2.6569,2.6647,2.6618,2.6471,2.6237,2.5904,2.5494,2.5064,2.4604,2.4076,2.3509,2.2942,2.2395,2.1877,2.1408,2.0968,2.0587,2.0264,2.002,1.9824,1.9668,1.9541,1.9413,1.9277,1.913,1.8964,1.8778,1.8583,1.8358,1.8104,1.7849,1.7605,1.739,1.7185,1.6931,1.6657,1.6383,1.6109,1.5836,1.5562,1.5298,1.5044,1.48,1.4555,1.436,1.4194,1.4018,1.3861,1.3724,1.3578,1.3421,1.3275,1.3128,1.2991,1.2854,1.2737,1.263,1.2551,1.2493,1.2414,1.2326,1.2229,1.2141,1.2053,1.1955,1.1867,1.1789,1.1711,1.1632,1.1584,1.1544,1.1486,1.1417,1.1349,1.13,1.1271,1.131,1.1457,1.1779,1.2326,1.3109,1.4125,1.5152,1.6637,1.8592,2.0381,2.2053,2.3607,2.5024,2.6315,2.7478,2.8495,2.9394,3.0176,3.0723,3.1134,3.1554,3.1935,3.2239,3.2434,3.2512,3.2483,3.2356,3.2121,3.1769,3.132,3.0772,3.0186,2.956,2.8847,2.8084,2.7292,2.651,2.5777,2.5112,2.4506,2.3969,2.3509,2.3118,2.2796,2.2502,2.2219,2.1935,2.1642,2.1339,2.1026,2.0714,2.0411,2.0088,1.9746,1.9394,1.9013,1.8661,1.8338,1.7986,1.7615,1.7234,1.6862,1.65,1.6149,1.5797,1.5435,1.5093,1.477,1.4516,1.4291,1.4037,1.3783,1.3529,1.3265,1.3011,1.2766,1.2551,1.2366,1.218,1.2014,1.1887,1.1789,1.1681,1.1564,1.1437,1.132,1.1222,1.1124,1.1036,1.0948,1.086,1.0772,1.0684,1.0645,1.0626,1.0567,1.0499,1.042,1.0342,1.0254,1.0186,1.0147,1.0196,1.0391,1.0782,1.132,1.2014,1.2981,1.4203,1.5621,1.7136,1.8651,2.0117,2.1486,2.2727,2.3832,2.4761,2.5523,2.608,2.6491,2.6852,2.7136,2.7322,2.74,2.737,2.7263,2.7077,2.6813,2.6471,2.6041,2.5582,2.5083,2.4497,2.3851,2.3187,2.2542,2.1935,2.1398,2.0948,2.0596,2.0323,2.0108,1.9961,1.9863,1.9795,1.9736,1.9687,1.9619,1.9521,1.9404,1.9286,1.915,1.8983,1.8788,1.8553,1.8328,1.8104,1.784,1.7556,1.7273,1.6979,1.6676,1.6393,1.61,1.5797,1.5503,1.522,1.4956,1.4741,1.4575,1.4379,1.4184,1.4008,1.3842,1.3705,1.3587,1.349,1.3392,1.3275,1.3157,1.3079,1.3011,1.2913,1.2786,1.2669,1.2581,1.2493,1.2414,1.2346,1.2278,1.2229,1.218,1.2121,1.2092,1.2072,1.2014,1.1916,1.1828,1.1799,1.1867,1.2092,1.2542,1.3236,1.4194,1.5406,1.6598,1.782,1.9267,2.0802,2.2326,2.3773,2.5122,2.6344,2.7429,2.8377,2.9198,2.9883,3.045,3.0821,3.1046,3.1261,3.1417,3.1486,3.1447,3.131,3.1075,3.0733,3.0293,2.9765,2.915,2.8524,2.7889,2.7185,2.6461,2.5748,2.5064,2.4428,2.3861,2.3353,2.2893,2.2473,2.2102,2.1779,2.1515,2.1271,2.1026,2.0782,2.0557,2.0313,2.0039,1.9726,1.9394,1.9052,1.871,1.8377,1.8104,1.7869,1.7586,1.7283,1.6989,1.6696,1.6383,1.608,1.5601,1.5064,1.4673,1.437,1.4115,1.3939,1.3793,1.3627,1.347,1.3314,1.3167,1.3011,1.2854,1.2708,1.2561,1.2444,1.2346,1.2278,1.2239,1.218,1.2111,1.2033,1.1945,1.1838,1.173,1.1613,1.1525,1.1447,1.1378,1.132,1.129,1.1271,1.1212,1.1144,1.1085,1.1056,1.1065,1.1153,1.1388,1.1799,1.2414,1.3255,1.4154,1.5132,1.6334,1.7664,1.9022,2.0352,2.1603,2.2747,2.3763,2.4673,2.5464,2.6129,2.6598,2.695,2.7273,2.7537,2.7722,2.783,2.783,2.7742,2.7566,2.7292,2.6921,2.6471,2.5953,2.5425,2.4888,2.4291,2.3666,2.3021,2.2405,2.1808,2.1251,2.0762,2.0342,1.998,1.9687,1.9462,1.9277,1.9081,1.8895,1.868,1.8456,1.8221,1.7996,1.7761,1.7507,1.7253,1.6989,1.6725,1.65,1.6285,1.6051,1.5787,1.5503,1.521,1.4917,1.4643,1.437,1.4096,1.3832,1.3578,1.3382,1.3216,1.303,1.2845,1.2678,1.2522,1.2366,1.2209,1.2063,1.1935,1.1818,1.1701,1.1584,1.1505,1.1447,1.1359,1.1261,1.1163,1.1065,1.0958,1.085,1.0743,1.0635,1.0547,1.0459,1.042,1.0401,1.0352,1.0293,1.0225,1.0137,1.0039,0.99316,0.98436,0.98045,0.98534,1.0029,1.0381,1.086,1.1476,1.2346,1.3451,1.4721,1.608,1.7478,1.8847,2.0127,2.129,2.2336,2.3226,2.3871,2.435,2.478,2.5142,2.5425,2.564,2.5767,2.5806,2.5758,2.5611,2.5376,2.5054,2.4643,2.4213,2.3763,2.3255,2.2717,2.218,2.1662,2.1163,2.0704,2.0293,1.9922,1.9619,1.9384,1.9208,1.9071,1.8964,1.8886,1.8807,1.8719,1.8612,1.8485,1.8338,1.8182,1.8016,1.781,1.7586,1.737,1.7165,1.6931,1.6676,1.6413,1.6158,1.5924,1.5728,1.5533,1.5337,1.5142,1.4946,1.479,1.4673,1.4545,1.4409,1.4272,1.4125,1.3959,1.3783,1.3607,1.346,1.3353,1.3255,1.3167,1.3118,1.3089,1.3021,1.2942,1.2845,1.2727,1.261,1.2502,1.2414,1.2336,1.2268,1.2209,1.219,1.218,1.2131,1.2043,1.1955,1.1887,1.1828,1.1818,1.1916,1.216,1.2581,1.3206,1.4047,1.4927,1.5885,1.7077,1.8397,1.9756,2.1095,2.2356,2.3519,2.4594,2.5552,2.6383,2.7097,2.7615,2.7996,2.8739,2.9629,3.0186,3.0528,3.0704,3.0743,3.0655,3.044,3.0108,2.9668,2.9179,2.8631,2.7986,2.7302,2.6579,2.5846,2.5132,2.4448,2.3812,2.3245,2.2747,2.2307,2.1926,2.1623,2.1349,2.1075,2.0792,2.0499,2.0215,1.9932,1.9648,1.9365,1.9071,1.8759,1.8446,1.8152,1.7879,1.7586,1.7263,1.6931,1.6608,1.6295,1.5982,1.567,1.5386,1.5122,1.4868,1.4633,1.4457,1.4282,1.4086,1.3891,1.3685,1.3509,1.3324,1.3128,1.2942,1.2776,1.262,1.2454,1.2356,1.2287,1.219,1.2063,1.1916,1.1779,1.1652,1.1535,1.1437,1.1349,1.1261,1.1183,1.1105,1.1065,1.1046,1.0997,1.0929,1.087,1.0831,1.0802,1.0782,1.0762,1.0762,1.0802,1.0938,1.1193,1.1584,1.219,1.303,1.4096,1.5367,1.6774,1.8221,1.9648,2.1017,2.2278,2.3402,2.4389,2.5132,2.567,2.6168,2.6598,2.695,2.7234,2.7429,2.7556,2.7586,2.7517,2.7351,2.7077,2.6735,2.6344,2.5875,2.5347,2.477,2.4154,2.3548,2.2972,2.2434,2.1945,2.1535,2.1183,2.0909,2.0704,2.0528,2.0371,2.0235,2.0098,1.9971,1.9834,1.9677,1.9501,1.9306,1.911,1.8905,1.871,1.8514,1.8289,1.8035,1.7771,1.7498,1.7224,1.694,1.6667,1.6413,1.6158,1.5904,1.563,1.5406,1.522,1.5034,1.4839,1.4643,1.4467,1.4301,1.4135,1.3978,1.3842,1.3715,1.3587,1.3509,1.3441,1.3343,1.3245,1.3138,1.303,1.2933,1.2845,1.2757,1.2678,1.26,1.2532,1.2473,1.2454,1.2454,1.2424,1.2356,1.2268,1.218,1.2111,1.2092,1.216,1.2366,1.2766,1.3392,1.4106,1.4936,1.6012,1.7253,1.8602,2.001,2.1437,2.2815,2.4115,2.5288,2.6325,2.7243,2.8035,2.8602,2.9022,2.9453,2.9824,3.0137,3.0371,3.0528,3.0587,3.0538,3.0381,3.0117,2.9746,2.9306,2.8817,2.8221,2.7556,2.6833,2.61,2.5367,2.4663,2.3988,2.3353,2.2786,2.2268,2.1818,2.1457,2.1144,2.085,2.0567,2.0293,2.0039,1.9775,1.9501,1.9238,1.8974,1.869,1.8387,1.8113,1.7869,1.7605,1.7312,1.6989,1.6657,1.6325,1.5992,1.567,1.5357,1.5054,1.4761,1.4526,1.4321,1.4086,1.3871,1.3675,1.35,1.3324,1.3128,1.2933,1.2542,1.2063,1.173,1.1476,1.131,1.1183,1.1046,1.0919,1.0802,1.0704,1.0616,1.0528,1.045,1.0362,1.0283,1.0205,1.0166,1.0147,1.0098,1.0029,0.99511,0.98729,0.97947,0.97165,0.96188,0.9521,0.94624,0.94428,0.95015,0.96676,0.99707,1.0479,1.1222,1.2199,1.3363,1.4692,1.61,1.7527,1.8915,2.0215,2.1408,2.2346,2.3109,2.3842,2.4487,2.5024,2.5435,2.5758,2.5992,2.6139,2.6188,2.6149,2.6031,2.5836,2.5572,2.5249,2.4858,2.4399,2.3871,2.3314,2.2717,2.2131,2.1564,2.1046,2.0567,2.0156,1.9814,1.955,1.9316,1.912,1.8944,1.8788,1.8651,1.8514,1.8368,1.8211,1.8055,1.7898,1.7732,1.7586,1.7419,1.7214,1.7009,1.6804,1.6598,1.6285,1.6051,1.5816,1.5455,1.521,1.5015,1.4829,1.4633,1.4428,1.4233,1.4027,1.3842,1.3666,1.3509,1.3363,1.3206,1.306,1.2923,1.2825,1.2757,1.2669,1.2581,1.2493,1.2414,1.2326,1.2248,1.217,1.2092,1.2014,1.1935,1.1896,1.1877,1.1857,1.1838,1.1808,1.1779,1.174,1.1711,1.1711,1.1838,1.2072,1.2483,1.3372,1.4135,1.5152,1.6364,1.7713,1.914,2.0577,2.1975,2.3294,2.4506,2.5591,2.6559,2.7283,2.784,2.8426,2.8964,2.9433,2.9834,3.0147,3.0362,3.0469,3.042,3.0283,2.9873,2.9492,2.9052,2.8534,2.7957,2.7322,2.6628,2.5924,2.4907,2.4272,2.3685,2.2874,2.2414,2.2043,2.1701,2.1388,2.1114,2.087,2.0626,2.0381,2.0137,1.9883,1.9619,1.9345,1.9071,1.8817,1.8543,1.824,1.7918,1.7566,1.7204,1.6862,1.654,1.6217,1.5914,1.564,1.5376,1.5142,1.4927,1.4692,1.4438,1.4184,1.3939,1.3705,1.349,1.3294,1.3109,1.2942,1.2776,1.262,1.2512,1.2444,1.2346,1.2219,1.2082,1.1926,1.1789,1.1681,1.1554,1.1427,1.131,1.1183,1.1105,1.1056,1.0978,1.088,1.0782,1.0694,1.0587,1.045,1.0303,1.0166,1.0039,0.99511,0.99316,1.002,1.0215,1.0596,1.1202,1.2053,1.3148,1.4418,1.5826,1.7283,1.871,2.0078,2.1329,2.2307,2.3089,2.3851,2.4545,2.5142,2.563,2.6012,2.6305,2.651,2.6637,2.6676,2.6637,2.651,2.6285,2.5982,2.5533,2.4966,2.4399,2.3812,2.3206,2.261,2.2023,2.1457,2.0929,2.045,2.0049,1.9717,1.9404,1.914,1.8915,1.87,1.8504,1.8319,1.8152,1.7986,1.7791,1.7586,1.74,1.7234,1.7058,1.6852,1.6618,1.6364,1.6119,1.5875,1.5611,1.5347,1.5093,1.4839,1.4594,1.4399,1.4233,1.4057,1.3861,1.3656,1.348,1.3294,1.3109,1.2933,1.2747,1.2581,1.2434,1.2346,1.2287,1.2199,1.2092,1.1984,1.1887,1.1808,1.175,1.1701,1.1662,1.1623,1.1584,1.1544,1.1544,1.1574,1.1584,1.1603,1.1632,1.1662,1.1701,1.173,1.1769,1.1789,1.1799,1.1828,1.1896,1.2043,1.2287,1.2678,1.3265,1.4047,1.5024,1.6158,1.74,1.8983,2.0391,2.1369,2.2385,2.3206,2.3891,2.4594,2.5239,2.5797,2.6266,2.6657,2.696,2.7195,2.7341,2.738,2.7322,2.7175,2.694,2.6637,2.6256,2.5797,2.5279,2.4712,2.4135,2.3578,2.303,2.2502,2.2023,2.1603,2.1251,2.0958,2.0714,2.0499,2.0323,2.0156,2,1.9824,1.9629,1.9443,1.9247,1.9062,1.8895,1.8719,1.8524,1.8309,1.8065,1.7791,1.7507,1.7224,1.695,1.6686,1.6422,1.6188,1.5953,1.5767,1.5621,1.5455,1.521,1.4976,1.4809,1.4633,1.4418,1.4242,1.4115,1.3969,1.3822,1.3715,1.3627,1.3529,1.3431,1.3343,1.3255,1.3167,1.3079,1.3001,1.2923,1.2845,1.2737,1.2639,1.259,1.2532,1.2434,1.2336,1.2248,1.216,1.2033,1.1906,1.1818,1.172,1.1623,1.1554,1.1535,1.1574,1.1828,1.217,1.2532,1.3167,1.4057,1.5152,1.6393,1.7693,1.9335,2.0802,2.1652,2.2463,2.3548,2.4516,2.5161,2.5777,2.6422,2.695,2.7283,2.7556,2.7771,2.7908,2.7957,2.7908,2.7703,2.7478,2.7263,2.694,2.6383,2.5816,2.5376,2.4829,2.4076,2.3372,2.2874,2.2248,2.1603,2.1153,2.0831,2.0489,2.0108,1.9785,1.9541,1.9345,1.9159,1.8983,1.8798,1.8602,1.8407,1.8211,1.7977,1.7713,1.7507,1.7195,1.6843,1.652,1.6197,1.5963,1.5699,1.5396,1.5152,1.4966,1.4761,1.4477,1.4213,1.4018,1.3803,1.3509,1.3265,1.304,1.2825,1.2639,1.2493,1.2395,1.2287,1.218,1.2072,1.1955,1.1838,1.173,1.1623,1.1144,1.0469,1.0088,0.98925,0.97849,0.96872,0.96188,0.95797,0.95601,0.95406,0.9521,0.95015,0.94819,0.94526,0.94233,0.93939,0.94135,0.94721,0.95406,0.96872,0.99804,1.0469,1.1193,1.218,1.3402,1.4809,1.6344,1.7947,1.9345,2.0577,2.1867,2.3109,2.4242,2.5239,2.608,2.6764,2.7312,2.7752,2.8074,2.828,2.8368,2.8319,2.8182,2.7986,2.7693,2.7302,2.6813,2.6256,2.563,2.4956,2.4242,2.3519,2.2805,2.218,2.1642,2.1124,2.0655,2.0264,1.9951,1.9717,1.9531,1.9365,1.9218,1.9071,1.8935,1.8768,1.8602,1.8426,1.8231,1.8035,1.781,1.7556,1.7292,1.7038,1.6774,1.651,1.6237,1.5953,1.5718,1.5513,1.5269,1.5015,1.4751,1.4477,1.4213,1.3969,1.3734,1.35,1.3275,1.306,1.2874,1.2747,1.263,1.2502,1.2375,1.2219,1.2072,1.1945,1.1818,1.1711,1.1613,1.1515,1.1417,1.1359,1.132,1.1232,1.1134,1.1056,1.0997,1.0948,1.0899,1.0841,1.0762,1.0674,1.0567,1.0479,1.045,1.0479,1.0577,1.0782,1.1173,1.1808,1.2737,1.393,1.5337,1.6901,1.8563,2.0244,2.1672,2.2913,2.4223,2.5474,2.6618,2.7644,2.8553,2.9335,3.001,3.0577,3.1036,3.1408,3.1672,3.1769,3.175,3.1681,3.1525,3.1271,3.0919,3.044,2.9853,2.9159,2.8387,2.7576,2.6764,2.6022,2.5347,2.4663,2.4027,2.3441,2.2923,2.2473,2.2072,2.1711,2.1398,2.1124,2.086,2.0616,2.0381,2.0127,1.9844,1.955,1.9228,1.8876,1.8504,1.8133,1.7752,1.737,1.6989,1.6608,1.6276,1.5973,1.565,1.5318,1.4966,1.4624,1.4291,1.3969,1.3646,1.3324,1.3001,1.2688,1.2454,1.2258,1.2043,1.1838,1.1613,1.1398,1.1193,1.0987,1.0782,1.0567,1.0352,1.0166,1.001,0.99022,0.9824,0.97263,0.9609,0.94624,0.92962,0.91496,0.90323,0.89247,0.8827,0.87292,0.86217,0.85435,0.84946,0.84262,0.8348,0.82698,0.82209,0.82307,0.83675,0.86804,0.92375,1.0068,1.1153,1.2473,1.3763,1.5054,1.6569,1.8172,1.9756,2.1232,2.2551,2.3685,2.4643,2.5445,2.61,2.6598,2.6901,2.7077,2.7195,2.7224,2.7136,2.694,2.6647,2.6256,2.5767,2.521,2.4585,2.392,2.3236,2.262,2.2033,2.1417,2.0811,2.0264,1.9804,1.9423,1.912,1.8886,1.87,1.8543,1.8416,1.8319,1.8211,1.8084,1.7937,1.7781,1.7595,1.74,1.7214,1.6999,1.6755,1.65,1.6246,1.6012,1.5816,1.564,1.5435,1.522,1.5005,1.48,1.4604,1.4409,1.4213,1.4018,1.3842,1.3675,1.3558,1.348,1.3372,1.3255,1.3148,1.306,1.2972,1.2893,1.2815,1.2737,1.2659,1.2581,1.2512,1.2493,1.2493,1.2473,1.2454,1.2434,1.2414,1.2395,1.2366,1.2326,1.2287,1.2229,1.2151,1.2092,1.2043,1.1955,1.1867,1.1799,1.1808,1.1945,1.2258,1.2776,1.3519,1.4487,1.566,1.6989,1.8211,1.9365,2.0645,2.1935,2.3148,2.4233,2.5181,2.5992,2.6667,2.7214,2.7644,2.7977,2.8162,2.825,2.8328,2.8348,2.8289,2.8143,2.7918,2.7615,2.7234,2.6774,2.6246,2.567,2.5064,2.4497,2.3959,2.3412,2.2874,2.2356,2.1877,2.1437,2.1065,2.0753,2.0508,2.0303,2.0108,1.9912,1.9726,1.9541,1.9335,1.9091,1.8837,1.8573,1.8319,1.8055,1.7781,1.7527,1.7273,1.7009,1.6774,1.654,1.6276,1.6012,1.5748,1.5494,1.5249,1.5024,1.4809,1.4604,1.4409,1.4213,1.4057,1.392,1.3783,1.3646,1.35,1.3353,1.3196,1.304,1.2903,1.2796,1.2688,1.259,1.2522,1.2473,1.2414,1.2346,1.2268,1.2199,1.2121,1.2043,1.1955,1.1877,1.1799,1.1711,1.1632,1.1584,1.1535,1.1457,1.1369,1.13,1.1281,1.1339,1.1525,1.1877,1.2444,1.3255,1.4291,1.5337,1.6422,1.7722,1.912,2.0528,2.1877,2.3118,2.4213,2.5171,2.6002,2.6696,2.7263,2.7713,2.8006,2.8192,2.8368,2.8495,2.8543,2.8514,2.8387,2.8172,2.7869,2.7478,2.7009,2.6461,2.5914,2.5347,2.4731,2.4096,2.346,2.2845,2.2268,2.175,2.13,2.0909,2.0587,2.0303,2.0049,1.9834,1.9648,1.9462,1.9277,1.9081,1.8895,1.869,1.8475,1.824,1.7977,1.7693,1.741,1.7175,1.696,1.6725,1.6471,1.6217,1.5963,1.5689,1.5406,1.5142,1.4888,1.4643,1.4428,1.4223,1.4066,1.393,1.3773,1.3617,1.346,1.3314,1.3157,1.3001,1.2845,1.2698,1.2561,1.2463,1.2414,1.2375,1.2297,1.2219,1.2141,1.2043,1.1935,1.1848,1.176,1.1662,1.1271,1.0733,1.0401,1.0215,1.0108,1.001,0.9912,0.98436,0.9824,0.98827,1.0078,1.0469,1.1095,1.1975,1.3109,1.4262,1.5464,1.6911,1.8475,2.0029,2.1515,2.2903,2.4145,2.523,2.6158,2.694,2.7605,2.8152,2.8534,2.8788,2.9003,2.913,2.9169,2.911,2.8944,2.8651,2.825,2.7761,2.7195,2.6559,2.5934,2.5298,2.4594,2.3881,2.3177,2.2502,2.1877,2.1339,2.088,2.0489,2.0147,1.9853,1.9599,1.9374,1.915,1.8886,1.8612,1.8348,1.8084,1.781,1.7537,1.7243,1.695,1.6637,1.6305,1.6002,1.5738,1.5455,1.5152,1.4829,1.4516,1.4213,1.391,1.3597,1.3294,1.2991,1.2708,1.2444,1.2248,1.2102,1.1935,1.176,1.1584,1.1408,1.1241,1.1085,1.0919,1.0762,1.0616,1.0469,1.0381,1.0313,1.0215,1.0108,1.001,0.9912,0.9824,0.97361,0.96481,0.95601,0.94721,0.93744,0.92962,0.92473,0.91789,0.91007,0.90225,0.89345,0.88465,0.87586,0.86999,0.86999,0.88074,0.90811,0.95797,1.0196,1.1007,1.2141,1.3519,1.5044,1.6657,1.8299,1.9863,2.132,2.262,2.3715,2.4643,2.5308,2.5767,2.6168,2.6481,2.6706,2.6852,2.6901,2.6852,2.6696,2.6442,2.609,2.565,2.5122,2.4585,2.4027,2.3392,2.2757,2.2151,2.1574,2.1036,2.0547,2.0117,1.9775,1.9492,1.9257,1.9081,1.8944,1.8807,1.868,1.8563,1.8446,1.8328,1.8201,1.8055,1.7879,1.7664,1.7429,1.7195,1.6999,1.6823,1.6618,1.6393,1.6149,1.5875,1.5611,1.5347,1.5083,1.4819,1.4555,1.4311,1.4145,1.4008,1.3842,1.3666,1.35,1.3353,1.3206,1.305,1.2903,1.2776,1.2649,1.2512,1.2395,1.2317,1.2248,1.216,1.2063,1.1955,1.1857,1.1769,1.1681,1.1593,1.1505,1.1427,1.1369,1.1349,1.1349,1.1329,1.129,1.1232,1.1134,1.1046,1.1007,1.1075,1.131,1.1779,1.2522,1.3539,1.4594,1.5728,1.7136,1.868,2.0244,2.1779,2.3226,2.4565,2.5777,2.6852,2.781,2.8661,2.9267,2.9717,3.0137,3.0479,3.0743,3.0909,3.0978,3.0948,3.0811,3.0587,3.0254,2.9804,2.9228,2.8622,2.7977,2.7243,2.6471,2.5689,2.4917,2.4174,2.347,2.2825,2.2248,2.174,2.132,2.1007,2.0733,2.0469,2.0205,1.999,1.9824,1.9648,1.9453,1.9228,1.8974,1.87,1.8407,1.8104,1.783,1.7576,1.7292,1.6999,1.6696,1.6393,1.61,1.5816,1.5533,1.5249,1.4976,1.4712,1.4506,1.4321,1.4106,1.3871,1.3656,1.3451,1.3255,1.3069,1.2893,1.2727,1.2581,1.2454,1.2336,1.2258,1.2199,1.2111,1.2014,1.1906,1.1789,1.1672,1.1554,1.1457,1.1369,1.1281,1.1193,1.1144,1.1124,1.1075,1.1007,1.0938,1.087,1.0811,1.0743,1.0684,1.0655,1.0674,1.0782,1.1026,1.1398,1.1916,1.2678,1.3695,1.4917,1.6285,1.7732,1.9179,2.0587,2.1887,2.304,2.4037,2.48,2.5376,2.5904,2.6344,2.6686,2.694,2.7116,2.7214,2.7224,2.7155,2.7019,2.6784,2.6471,2.61,2.564,2.5112,2.4536,2.392,2.3304,2.2688,2.2082,2.1515,2.1017,2.0587,2.0235,1.998,1.9804,1.9668,1.957,1.9482,1.9384,1.9286,1.9179,1.9062,1.8915,1.8739,1.8543,1.8358,1.8172,1.7967,1.7742,1.7517,1.7273,1.7019,1.6755,1.6491,1.6237,1.5992,1.5758,1.5523,1.5327,1.5161,1.4976,1.478,1.4585,1.4389,1.4194,1.3998,1.3812,1.3656,1.3539,1.3441,1.3382,1.3343,1.3284,1.3216,1.3138,1.304,1.2933,1.2825,1.2727,1.263,1.2551,1.2493,1.2444,1.2424,1.2434,1.2434,1.2414,1.2385,1.2346,1.2307,1.2278,1.2287,1.2395,1.2639,1.305,1.3568,1.4223,1.5161,1.6334,1.7664,1.9091,2.0528,2.1935,2.3284,2.4516,2.5621,2.6588,2.7439,2.8074,2.8583,2.9101,2.9589,3.002,3.0371,3.0626,3.0772,3.0821,3.0782,3.0645,3.0401,3.0059,2.9638,2.912,2.8524,2.7859,2.7136,2.6403,2.5689,2.5005,2.435,2.3754,2.3196,2.2708,2.2317,2.1994,2.1701,2.1408,2.1134,2.088,2.0635,2.0401,2.0147,1.9883,1.9619,1.9335,1.9071,1.8807,1.8514,1.8211,1.7908,1.7605,1.7322,1.7028,1.6716,1.6393,1.607,1.5758,1.5445,1.5191,1.4966,1.4721,1.4457,1.4203,1.3959,1.3715,1.348,1.3265,1.306,1.2864,1.2688,1.2571,1.2463,1.2346,1.2219,1.2072,1.1935,1.1808,1.1681,1.1564,1.1437,1.131,1.1183,1.1046,1.0948,1.088,1.0772,1.0665,1.0547,1.043,1.0323,1.0215,1.0117,1.0049,1.002,1.0039,1.0137,1.0371,1.0762,1.1339,1.2141,1.3167,1.437,1.5699,1.7107,1.8514,1.9853,2.1085,2.2199,2.305,2.3695,2.4311,2.4848,2.5279,2.564,2.5924,2.6119,2.6237,2.6276,2.6237,2.609,2.5855,2.5552,2.5161,2.4702,2.4164,2.3578,2.2962,2.2336,2.172,2.1144,2.0606,2.0137,1.9756,1.9453,1.9179,1.8935,1.8739,1.8592,1.8456,1.8328,1.8182,1.8035,1.7879,1.7693,1.7488,1.7302,1.7126,1.6921,1.6686,1.6452,1.6227,1.5992,1.5758,1.5533,1.5308,1.5083,1.4868,1.4702,1.4565,1.4399,1.4223,1.4037,1.3851,1.3675,1.3509,1.3363,1.3236,1.3109,1.3001,1.2913,1.2854,1.2805,1.2737,1.2669,1.259,1.2522,1.2454,1.2405,1.2356,1.2317,1.2278,1.2248,1.2248,1.2268,1.2268,1.2258,1.2229,1.2199,1.216,1.2102,1.2033,1.1965,1.1935,1.1965,1.2102,1.2336,1.2717,1.3324,1.4154,1.52,1.6413,1.7732,1.9101,2.0459,2.1769,2.2981,2.4057,2.4878,2.5513,2.6129,2.6706,2.7204,2.7595,2.7908,2.8133,2.826,2.8309,2.826,2.8113,2.7889,2.7595,2.7234,2.6794,2.6295,2.5748,2.5161,2.4545,2.3939,2.3363,2.2825,2.2346,2.1916,2.1564,2.1281,2.1017,2.0792,2.0606,2.042,2.0225,2.002,1.9804,1.9589,1.9374,1.915,1.8905,1.868,1.8475,1.825,1.7996,1.7713,1.7439,1.7175,1.6921,1.6667,1.6413,1.6158,1.5914,1.5718,1.5552,1.5357,1.5161,1.4976,1.479,1.4604,1.4418,1.4233,1.4047,1.3861,1.3695,1.3568,1.349,1.3441,1.3363,1.3275,1.3177,1.3079,1.2991,1.2893,1.2805,1.2717,1.263,1.2542,1.2483,1.2444,1.2395,1.2356,1.2317,1.2268,1.2209,1.2131,1.2053,1.1994,1.1955,1.1975,1.2102,1.2326,1.2688,1.3275,1.4096,1.5132,1.6344,1.7674,1.9062,2.045,2.1789,2.3021,2.4125,2.4966,2.563,2.6305,2.6931,2.7488,2.7977,2.8377,2.869,2.8925,2.9062,2.9091,2.9013,2.8827,2.8553,2.8201,2.7771,2.7273,2.6716,2.61,2.5455,2.4809,2.4164,2.3529,2.2923,2.2366,2.1906,2.1515,2.1144,2.0792,2.0479,2.0196,1.9941,1.9707,1.9482,1.9257,1.9013,1.8759,1.8495,1.825,1.8016,1.7742,1.7458,1.7253,1.7087,1.6862,1.6618,1.6354,1.608,1.5787,1.5484,1.522,1.4995,1.4751,1.4506,1.4262,1.4037,1.3812,1.3617,1.3441,1.3275,1.3109,1.2952,1.2835,1.2737,1.262,1.2483,1.2336,1.2199,1.2063,1.1916,1.1769,1.1642,1.1515,1.1408,1.131,1.1261,1.1241,1.1173,1.1075,1.0987,1.0909,1.0831,1.0753,1.0674,1.0596,1.0508,1.0401,1.0342,1.0323,1.0313,1.0371,1.0567,1.0938,1.1525,1.2366,1.3431,1.4673,1.6061,1.7517,1.8944,2.0127,2.1134,2.2151,2.3089,2.392,2.4624,2.5191,2.5621,2.5934,2.6149,2.6276,2.6315,2.6246,2.609,2.5875,2.5601,2.5259,2.4848,2.437,2.3832,2.3265,2.2669,2.2082,2.1525,2.1007,2.0577,2.0225,1.9912,1.9648,1.9433,1.9267,1.915,1.9071,1.8993,1.8895,1.8788,1.8671,1.8563,1.8456,1.8299,1.8104,1.7889,1.7654,1.74,1.7136,1.6872,1.6598,1.6334,1.609,1.5846,1.564,1.5445,1.523,1.5015,1.4809,1.4614,1.4428,1.4242,1.4057,1.3871,1.3705,1.3558,1.348,1.3431,1.3363,1.3304,1.3245,1.3177,1.3099,1.3021,1.2942,1.2864,1.2786,1.2708,1.263,1.259,1.2581,1.2551,1.2502,1.2463,1.2424,1.2366,1.2307,1.2239,1.216,1.2092,1.2053,1.2082,1.2209,1.2463,1.2893,1.3539,1.4409,1.5494,1.6755,1.8113,1.9531,2.0938,2.2317,2.3607,2.4633,2.5494,2.6373,2.7195,2.7947,2.8631,2.9228,2.9736,3.0156,3.0479,3.0684,3.0782,3.0753,3.0626,3.045,3.0205,2.9873,2.9453,2.8954,2.8368,2.7722,2.7038,2.6334,2.564,2.4956,2.435,2.3822,2.3314,2.2845,2.2444,2.2102,2.1808,2.1554,2.132,2.1085,2.085,2.0616,2.0391,2.0147,1.9883,1.9609,1.9316,1.9003,1.869,1.8377,1.8055,1.7742,1.7429,1.7116,1.6804,1.653,1.6295,1.6041,1.5777,1.5503,1.523,1.4966,1.4712,1.4457,1.4203,1.3959,1.3724,1.3539,1.3392,1.3206,1.3001,1.2786,1.2581,1.2385,1.2209,1.2053,1.1916,1.1789,1.1672,1.1564,1.1496,1.1447,1.1369,1.129,1.1232,1.1202,1.1193,1.1183,1.1183,1.1163,1.1114,1.1046,1.1017,1.1007,1.1007,1.1065,1.1232,1.1564,1.2131,1.2952,1.3998,1.523,1.6598,1.7898,1.8954,1.9971,2.1085,2.218,2.3177,2.4057,2.4819,2.5464,2.5982,2.6393,2.6725,2.6979,2.7146,2.7195,2.7165,2.7087,2.6931,2.6686,2.6364,2.5953,2.5474,2.4936,2.436,2.3744,2.3128,2.2581,2.2102,2.1613,2.1144,2.0723,2.0371,2.0078,1.9814,1.9589,1.9394,1.9198,1.9003,1.8817,1.8631,1.8436,1.8211,1.7986,1.7761,1.7517,1.7253,1.6989,1.6725,1.6461,1.6197,1.5934,1.5709,1.5494,1.5239,1.4995,1.4751,1.4516,1.4301,1.4096,1.391,1.3734,1.3558,1.3392,1.3236,1.3118,1.3021,1.2893,1.2757,1.261,1.2473,1.2346,1.2248,1.216,1.2063,1.1955,1.1848,1.1779,1.175,1.1681,1.1613,1.1544,1.1447,1.1339,1.1251,1.1173,1.1085,1.0997,1.0919,1.0841,1.0811,1.0831,1.0841,1.087,1.0978,1.1212,1.1613,1.2209,1.3011,1.4018,1.5181,1.6442,1.7576,1.8641,1.9785,2.0909,2.1945,2.2874,2.3685,2.4389,2.4976,2.5464,2.5875,2.6178,2.6383,2.6452,2.6432,2.6364,2.6237,2.6031,2.5748,2.5386,2.4946,2.4438,2.3881,2.3275,2.263,2.2043,2.1525,2.1007,2.0518,2.0078,1.9707,1.9413,1.9169,1.8954,1.8749,1.8553,1.8358,1.8182,1.8035,1.7889,1.7713,1.7517,1.7302,1.7077,1.6833,1.6579,1.6315,1.6041,1.5767,1.5484,1.5249,1.5034,1.479,1.4526,1.4262,1.4008,1.3773,1.3548,1.3343,1.3138,1.2933,1.2737,1.2551,1.2414,1.2307,1.218,1.2053,1.1935,1.1818,1.1681,1.1535,1.1408,1.129,1.1173,1.1065,1.1007,1.0978,1.0929,1.087,1.0802,1.0723,1.0655,1.0587,1.0528,1.0459,1.0381,1.0313,1.0235,1.0196,1.0176,1.0117,1.0039,0.99707,0.99218,0.99413,1.0078,1.0371,1.086,1.1564,1.2483,1.3431,1.4428,1.563,1.694,1.827,1.955,2.0733,2.1789,2.2688,2.3431,2.4037,2.4516,2.4809,2.4976,2.5103,2.5161,2.5152,2.5083,2.4946,2.4731,2.4448,2.4086,2.3666,2.3206,2.2698,2.2209,2.176,2.1281,2.0792,2.0342,1.9932,1.9589,1.9316,1.9091,1.8915,1.8778,1.8671,1.8583,1.8485,1.8387,1.827,1.8133,1.7986,1.783,1.7644,1.7439,1.7224,1.7019,1.6804,1.6559,1.6344,1.6158,1.5963,1.5748,1.5533,1.5533,1.564,1.5591,1.5455,1.5298,1.5132,1.4956,1.4819,1.4702,1.4555,1.4399,1.4233,1.4066,1.392,1.3793,1.3675,1.3558,1.3451,1.3353,1.3245,1.3177,1.3128,1.306,1.2981,1.2903,1.2815,1.2747,1.2688,1.2639,1.259,1.2542,1.2493,1.2483,1.2473,1.2434,1.2375,1.2326,1.2317,1.2405,1.2659,1.3118,1.3822,1.479,1.5992,1.7361,1.8631,1.9863,2.1251,2.2678,2.4066,2.5357,2.651,2.7537,2.8426,2.9198,2.9873,3.0469,3.089,3.1173,3.1437,3.1632,3.176,3.1799,3.174,3.1593,3.1339,3.0978,3.0518,2.9951,2.9286,2.8612,2.7947,2.7224,2.6481,2.5767,2.5112,2.4497,2.3949,2.347,2.306,2.2698,2.2395,2.2141,2.1906,2.1662,2.1408,2.1144,2.089,2.0616,2.0332,2.0039,1.9746,1.9453,1.913,1.8798,1.8495,1.8231,1.7947,1.7654,1.7351,1.7058,1.6784,1.651,1.6227,1.5934,1.565,1.5396,1.521,1.5044,1.4858,1.4643,1.4409,1.4184,1.3978,1.3793,1.3607,1.3431,1.3255,1.3079,1.2913,1.2815,1.2757,1.2669,1.2561,1.2444,1.2317,1.219,1.2072,1.1965,1.1857,1.176,1.1672,1.1603,1.1564,1.1496,1.1417,1.1339,1.1251,1.1163,1.1105,1.1105,1.1202,1.1437,1.1867,1.2542,1.3314,1.4233,1.5435,1.6833,1.8328,1.9844,2.13,2.2649,2.3861,2.4927,2.5836,2.6608,2.7155,2.7556,2.7937,2.8289,2.8583,2.8798,2.8915,2.8925,2.8856,2.8719,2.8475,2.8104,2.7625,2.7107,2.6549,2.5894,2.5171,2.4438,2.3734,2.306,2.2434,2.1857,2.1339,2.0909,2.0547,2.0274,2.0049,1.9853,1.9677,1.9501,1.9326,1.915,1.8954,1.8729,1.8475,1.8211,1.7947,1.7722,1.7498,1.7234,1.696,1.6696,1.6422,1.6129,1.5836,1.5533,1.5249,1.4976,1.4712,1.4457,1.4242,1.4076,1.391,1.3734,1.3558,1.3382,1.3216,1.304,1.2854,1.2678,1.2522,1.2375,1.2287,1.2229,1.2141,1.2033,1.1916,1.1789,1.1662,1.1535,1.1417,1.1329,1.1261,1.1222,1.1173,1.1153,1.1144,1.1095,1.1036,1.0987,1.0929,1.085,1.0772,1.0704,1.0655,1.0645,1.0704,1.086,1.1134,1.1574,1.2239,1.3157,1.4321,1.5679,1.7146,1.8671,2.0196,2.1652,2.2981,2.3793,2.4135,2.4545,2.5064,2.5552,2.5973,2.6305,2.6549,2.6725,2.6823,2.6843,2.6794,2.6657,2.6432,2.6139,2.5767,2.5318,2.48,2.4252,2.3675,2.3109,2.2542,2.2014,2.1535,2.1114,2.0762,2.0479,2.0235,2.002,1.9824,1.9658,1.9511,1.9374,1.9247,1.911,1.8954,1.8768,1.8563,1.8377,1.8192,1.7967,1.7732,1.7478,1.7224,1.697,1.6716,1.6461,1.6207,1.5943,1.5689,1.5435,1.523,1.5044,1.4848,1.4673,1.4516,1.437,1.4223,1.4086,1.3949,1.3812,1.3675,1.3548,1.3451,1.3372,1.3284,1.3196,1.3109,1.3011,1.2913,1.2815,1.2717,1.262,1.2512,1.2414,1.2307,1.2248,1.2209,1.2151,1.2072,1.2004,1.1955,1.1906,1.1867,1.1828,1.1818,1.1877,1.2072,1.2375,1.2815,1.348,1.4379,1.5464,1.6716,1.8074,1.9472,2.088,2.2248,2.3529,2.4712,2.5787,2.6608,2.7273,2.7957,2.8592,2.9169,2.9658,3.0078,3.043,3.0694,3.0841,3.089,3.0811,3.0606,3.0303,2.9912,2.9443,2.8886,2.827,2.7615,2.6921,2.6197,2.5484,2.4819,2.4194,2.3627,2.3138,2.2717,2.2307,2.1935,2.1613,2.131,2.1026,2.0753,2.0499,2.0244,1.998,1.9697,1.9443,1.9179,1.8866,1.8534,1.8201,1.7869,1.7517,1.7165,1.6833,1.6491,1.6158,1.5836,1.5523,1.5269,1.5034,1.477,1.4506,1.4252,1.3998,1.3734,1.348,1.3245,1.3011,1.2766,1.2551,1.2405,1.2278,1.2121,1.1975,1.1838,1.1701,1.1554,1.1398,1.1261,1.1134,1.1007,1.088,1.0802,1.0753,1.0684,1.0606,1.0528,1.045,1.0371,1.0293,1.0205,1.0127,1.0039,0.99609,0.98827,0.98436,0.98436,0.98827,1.0029,1.0323,1.0782,1.1476,1.2405,1.3539,1.4848,1.6256,1.7693,1.8915,1.999,2.1085,2.2121,2.304,2.3832,2.4487,2.5044,2.5494,2.5836,2.6061,2.6197,2.6237,2.6158,2.6012,2.5806,2.5523,2.5152,2.4712,2.4203,2.3636,2.3021,2.2395,2.1779,2.1173,2.0655,2.0205,1.9765,1.9374,1.9022,1.8719,1.8495,1.8328,1.8192,1.8065,1.7937,1.7801,1.7654,1.7517,1.737,1.7185,1.6989,1.6774,1.652,1.6256,1.5982,1.5728,1.5474,1.523,1.4985,1.478,1.4614,1.4448,1.4272,1.4086,1.3891,1.3705,1.3519,1.3343,1.3196,1.3089,1.2981,1.2884,1.2825,1.2786,1.2727,1.2659,1.2581,1.2502,1.2434,1.2356,1.2278,1.2199,1.2131,1.2082,1.2053,1.2053,1.2053,1.2043,1.2023,1.2004,1.1975,1.1945,1.1906,1.1857,1.1808,1.176,1.1701,1.1691,1.174,1.1838,1.2033,1.2366,1.2903,1.3646,1.4604,1.5728,1.6999,1.8348,1.9697,2.0831,2.1828,2.2864,2.3842,2.4712,2.5455,2.609,2.6628,2.7067,2.7429,2.7713,2.7918,2.8045,2.8055,2.7977,2.784,2.7634,2.7351,2.6979,2.652,2.5992,2.5425,2.4819,2.4203,2.3607,2.3089,2.263,2.218,2.1789,2.1447,2.1144,2.087,2.0655,2.0469,2.0283,2.0098,1.9902,1.9687,1.9482,1.9296,1.9081,1.8837,1.8583,1.8328,1.8094,1.7849,1.7576,1.7292,1.7009,1.6735,1.65,1.6285,1.6041,1.5806,1.5591,1.5376,1.5171,1.4976,1.4761,1.4555,1.4379,1.4203,1.4027,1.39,1.3812,1.3715,1.3607,1.349,1.3382,1.3294,1.3206,1.3128,1.305,1.2972,1.2893,1.2845,1.2815,1.2757,1.2688,1.261,1.2522,1.2434,1.2336,1.2248,1.217,1.2092,1.2014,1.1965,1.1916,1.1857,1.1818,1.1818,1.1896,1.2092,1.2473,1.3079,1.391,1.4946,1.6129,1.741,1.8563,1.9629,2.0792,2.1935,2.3021,2.4008,2.4878,2.563,2.6276,2.6813,2.7263,2.7625,2.7859,2.7996,2.8123,2.8192,2.8182,2.8074,2.7889,2.7615,2.7224,2.6735,2.6168,2.5552,2.4907,2.4311,2.3744,2.3148,2.2542,2.1955,2.1437,2.0987,2.0626,2.0313,2.0049,1.9795,1.955,1.9345,1.9169,1.8983,1.8788,1.8583,1.8348,1.8123,1.7889,1.7634,1.7361,1.7077,1.6804,1.651,1.6246,1.5992,1.5709,1.5415,1.5112,1.4819,1.4536,1.4262,1.3988,1.3734,1.3509,1.3314,1.3187,1.306,1.2903,1.2747,1.2581,1.2405,1.2239,1.2092,1.1965,1.1828,1.1681,1.1544,1.1417,1.1339,1.1281,1.1193,1.1105,1.1007,1.0909,1.0821,1.0743,1.0665,1.0587,1.0518,1.0479,1.0489,1.0499,1.0489,1.0459,1.0411,1.0342,1.0283,1.0244,1.0264,1.0391,1.0674,1.1153,1.1848,1.261,1.347,1.4565,1.5826,1.7165,1.8514,1.9804,2.0997,2.2063,2.2991,2.3783,2.4418,2.5191,2.6022,2.6588,2.6979,2.7243,2.738,2.7419,2.7361,2.7204,2.696,2.6637,2.6227,2.5748,2.5269,2.478,2.4223,2.3646,2.3089,2.2581,2.2102,2.1672,2.131,2.0997,2.0723,2.0489,2.0293,2.0137,1.999,1.9853,1.9726,1.958,1.9394,1.9198,1.8983,1.8739,1.8456,1.8143,1.784,1.7595,1.738,1.7155,1.6921,1.6676,1.6432,1.6178,1.5924,1.567,1.5415,1.5181,1.4966,1.4809,1.4682,1.4545,1.4399,1.4252,1.4115,1.3988,1.3861,1.3734,1.3607,1.348,1.3363,1.3255,1.3187,1.3128,1.306,1.2981,1.2893,1.2815,1.2727,1.2639,1.2551,1.2473,1.2375,1.2278,1.2219,1.218,1.2111,1.2043,1.1994,1.1945,1.1926,1.1955,1.2082,1.2385,1.2884,1.3607,1.4555,1.5523,1.6559,1.784,1.9247,2.0694,2.2102,2.3441,2.4682,2.5826,2.6852,2.7761,2.8553,2.913,2.957,3.001,3.0411,3.0753,3.0997,3.1134,3.1153,3.1075,3.088,3.0596,3.0205,2.9756,2.9257,2.868,2.8035,2.7341,2.6608,2.5875,2.5161,2.4497,2.3891,2.3343,2.2854,2.2424,2.2072,2.1769,2.1476,2.1173,2.088,2.0577,2.0283,1.999,1.9707,1.9413,1.912,1.8827,1.8563,1.8299,1.7977,1.7615,1.7243,1.6872,1.65,1.6149,1.5797,1.5455,1.5132,1.4839,1.4555,1.4321,1.4125,1.39,1.3656,1.3402,1.3148,1.2903,1.2678,1.2473,1.2287,1.2131,1.1994,1.1906,1.1838,1.173,1.1593,1.1447,1.131,1.1173,1.1046,1.0919,1.0802,1.0684,1.0567,1.0459,1.0401,1.0371,1.0313,1.0254,1.0196,1.0117,1.0039,0.99413,0.9824,0.9697,0.96188,0.9609,0.9697,0.99316,1.0362,1.1007,1.1877,1.2972,1.4252,1.567,1.7155,1.8641,2.0068,2.1369,2.2522,2.3402,2.4086,2.4731,2.5288,2.5748,2.61,2.6364,2.654,2.6618,2.6598,2.651,2.6325,2.6061,2.5728,2.5308,2.48,2.4213,2.3578,2.2923,2.2258,2.1623,2.1017,2.0469,2,1.9609,1.9306,1.9071,1.8866,1.871,1.8592,1.8475,1.8368,1.825,1.8104,1.7947,1.7771,1.7576,1.741,1.7253,1.7067,1.6872,1.6667,1.6442,1.6207,1.5963,1.5709,1.5455,1.52,1.4956,1.4731,1.4545,1.4399,1.4242,1.4086,1.392,1.3763,1.3646,1.3558,1.346,1.3343,1.3206,1.3079,1.2991,1.2933,1.2864,1.2786,1.2698,1.261,1.2512,1.2424,1.2366,1.2317,1.2268,1.2219,1.218,1.217,1.217,1.2141,1.2092,1.2023,1.1945,1.1848,1.176,1.1691,1.1652,1.1672,1.1799,1.2004,1.2336,1.2864,1.3587,1.4506,1.5611,1.6862,1.8201,1.958,2.0948,2.2248,2.3441,2.4497,2.5298,2.5924,2.654,2.7107,2.7605,2.8035,2.8407,2.87,2.8905,2.9022,2.9032,2.8915,2.869,2.8387,2.7996,2.7537,2.7019,2.6461,2.5855,2.522,2.4594,2.3998,2.3421,2.2874,2.2424,2.2053,2.1711,2.1408,2.1134,2.0899,2.0684,2.0469,2.0244,2.002,1.9795,1.957,1.9316,1.9081,1.8856,1.8602,1.8319,1.8016,1.7713,1.741,1.7126,1.6843,1.6569,1.6305,1.6051,1.5846,1.567,1.5464,1.523,1.4995,1.478,1.4575,1.4379,1.4184,1.3988,1.3803,1.3627,1.346,1.3343,1.3245,1.3118,1.2972,1.2825,1.2669,1.2522,1.2405,1.2287,1.218,1.2092,1.2004,1.1965,1.1935,1.1877,1.1808,1.174,1.1662,1.1574,1.1496,1.1408,1.13,1.1202,1.1114,1.1026,1.0997,1.1007,1.1036,1.1134,1.1378,1.1828,1.2493,1.3372,1.4467,1.5738,1.7116,1.8534,1.9746,2.0811,2.1906,2.2933,2.3861,2.4663,2.5347,2.5924,2.6403,2.6764,2.7028,2.7204,2.7292,2.7263,2.7136,2.696,2.6706,2.6364,2.5943,2.5474,2.4946,2.436,2.3744,2.3118,2.2512,2.1994,2.1525,2.1056,2.0626,2.0244,1.9922,1.9648,1.9413,1.9198,1.8993,1.8798,1.8612,1.8436,1.8289,1.8152,1.7977,1.7771,1.7537,1.7283,1.7019,1.6745,1.6461,1.6188,1.5934,1.5679,1.5455,1.5249,1.5005,1.4751,1.4487,1.4223,1.3988,1.3773,1.3568,1.3372,1.3196,1.303,1.2874,1.2757,1.2659,1.2532,1.2395,1.2268,1.2141,1.2023,1.1887,1.174,1.1603,1.1476,1.1359,1.1281,1.1241,1.1193,1.1134,1.1085,1.1036,1.0968,1.0909,1.086,1.0821,1.0802,1.0792,1.0792,1.0811,1.0831,1.0831,1.0841,1.088,1.1007,1.1281,1.172,1.2375,1.3255,1.433,1.5562,1.6725,1.7849,1.9101,2.0371,2.1593,2.2717,2.3734,2.4604,2.5327,2.5934,2.6422,2.6794,2.7067,2.737,2.7654,2.7752,2.7722,2.7586,2.7351,2.6999,2.6549,2.6041,2.5474,2.4868,2.4262,2.3715,2.3216,2.2717,2.2239,2.1769,2.1339,2.0968,2.0645,2.0371,2.0156,1.9961,1.9785,1.9638,1.9501,1.9345,1.9159,1.8964,1.8759,1.8543,1.8319,1.8084,1.784,1.7586,1.7331,1.7077,1.6852,1.6637,1.6383,1.61,1.5826,1.5562,1.5298,1.5044,1.48,1.4575,1.437,1.4164,1.3988,1.3861,1.3715,1.3548,1.3392,1.3245,1.3118,1.3011,1.2913,1.2815,1.2698,1.2571,1.2463,1.2395,1.2346,1.2278,1.2219,1.2151,1.2092,1.2023,1.1945,1.1867,1.1789,1.1701,1.1603,1.1535,1.1486,1.1417,1.1359,1.132,1.1359,1.1525,1.1877,1.2444,1.3236,1.4262,1.5494,1.6862,1.8113,1.9286,2.0616,2.1984,2.3314,2.4575,2.5738,2.6784,2.7703,2.8495,2.9169,2.9726,3.0088,3.0313,3.0528,3.0694,3.0792,3.0792,3.0704,3.0508,3.0196,2.9756,2.9208,2.8563,2.784,2.7155,2.6481,2.5758,2.5034,2.433,2.3675,2.3089,2.2571,2.2121,2.172,2.1388,2.1085,2.0831,2.0596,2.0352,2.0098,1.9853,1.9609,1.9335,1.9052,1.8749,1.8426,1.8094,1.7752,1.7429,1.7155,1.6901,1.6608,1.6285,1.5934,1.5601,1.5279,1.4966,1.4682,1.4409,1.4145,1.3891,1.3685,1.35,1.3284,1.3089,1.2913,1.2737,1.2561,1.2395,1.2219,1.2023,1.1818,1.1632,1.1466,1.1359,1.129,1.1193,1.1075,1.0948,1.0821,1.0694,1.0567,1.044,1.0313,1.0196,1.0098,1.0049,1,0.9912,0.98143,0.97067,0.95797,0.94428,0.93353,0.92766,0.9306,0.94917,0.98729,1.0479,1.1193,1.2023,1.3138,1.4448,1.5894,1.74,1.8895,2.0313,2.1632,2.2815,2.3822,2.4653,2.5249,2.5689,2.61,2.6442,2.6696,2.6872,2.695,2.6921,2.6794,2.6559,2.6227,2.5806,2.5308,2.479,2.4242,2.3617,2.2942,2.2258,2.1613,2.0987,2.0411,1.9902,1.9482,1.914,1.8866,1.8651,1.8495,1.8358,1.825,1.8152,1.8045,1.7898,1.7732,1.7537,1.7312,1.7077,1.6833,1.6569,1.6325,1.61,1.5846,1.5591,1.5337,1.5073,1.48,1.4545,1.4311,1.4086,1.3871,1.3656,1.348,1.3333,1.3157,1.2991,1.2815,1.2649,1.2473,1.2454,1.2512,1.2463,1.2375,1.2297,1.2209,1.217,1.2151,1.2102,1.2033,1.1955,1.1857,1.176,1.1681,1.1623,1.1574,1.1525,1.1486,1.1476,1.1476,1.1457,1.1427,1.1398,1.1339,1.1271,1.1222,1.1183,1.1183,1.1271,1.1515,1.1857,1.2346,1.3089,1.4076,1.5259,1.6569,1.7957,1.9374,2.0753,2.2053,2.3236,2.4272,2.5181,2.5855,2.6373,2.6862,2.7302,2.7654,2.7918,2.8094,2.8182,2.8182,2.8104,2.7937,2.7664,2.7331,2.694,2.6461,2.5924,2.5357,2.477,2.4184,2.3636,2.3128,2.2649,2.2199,2.1789,2.1417,2.1114,2.088,2.0665,2.0479,2.0313,2.0137,1.9941,1.9736,1.9541,1.9345,1.913,1.8895,1.8671,1.8465,1.824,1.8006,1.7761,1.7507,1.7243,1.6979,1.6706,1.6432,1.6168,1.5943,1.5728,1.5543,1.5376,1.52,1.5015,1.4819,1.4633,1.4467,1.4301,1.4145,1.3978,1.3822,1.3675,1.3578,1.3509,1.3431,1.3353,1.3275,1.3196,1.3118,1.305,1.2981,1.2913,1.2835,1.2757,1.2678,1.263,1.26,1.2542,1.2463,1.2385,1.2307,1.2209,1.2121,1.2053,1.2033,1.2102,1.2297,1.259,1.3021,1.3666,1.4526,1.5601,1.6833,1.8162,1.9541,2.0919,2.2239,2.347,2.4594,2.5591,2.6334,2.6921,2.7527,2.8084,2.8573,2.8993,2.9306,2.9521,2.9638,2.9648,2.956,2.9374,2.9101,2.8749,2.8319,2.7801,2.7204,2.6569,2.5885,2.5181,2.4467,2.3783,2.3118,2.2502,2.1955,2.1496,2.1095,2.0714,2.0371,2.0049,1.9775,1.9531,1.9286,1.9032,1.8768,1.8514,1.827,1.8055,1.7849,1.7605,1.7331,1.7058,1.6784,1.651,1.6227,1.5924,1.5621,1.5308,1.5005,1.4731,1.4516,1.433,1.4115,1.3891,1.3656,1.3431,1.3216,1.3001,1.2796,1.259,1.2414,1.2248,1.2131,1.2043,1.1935,1.1828,1.1711,1.1593,1.1476,1.1359,1.1241,1.1134,1.1046,1.0958,1.088,1.0841,1.0821,1.0772,1.0704,1.0635,1.0567,1.0508,1.0459,1.0411,1.0342,1.0274,1.0205,1.0196,1.0225,1.0303,1.0499,1.085,1.1388,1.216,1.3157,1.433,1.565,1.7038,1.8456,1.9668,2.0714,2.1789,2.2796,2.3705,2.4487,2.5142,2.565,2.6041,2.6325,2.651,2.6598,2.6598,2.65,2.6364,2.6178,2.5885,2.5494,2.5034,2.4516,2.3949,2.3363,2.2776,2.2219,2.1681,2.1222,2.0831,2.0459,2.0137,1.9863,1.9648,1.9472,1.9326,1.9198,1.9071,1.8944,1.8827,1.869,1.8543,1.8416,1.825,1.8045,1.782,1.7586,1.7331,1.7067,1.6823,1.6569,1.6315,1.6061,1.5855,1.5689,1.5513,1.5298,1.5073,1.4848,1.4643,1.4438,1.4252,1.4076,1.3891,1.3715,1.3558,1.346,1.3392,1.3314,1.3216,1.3109,1.3021,1.2923,1.2825,1.2737,1.2649,1.2571,1.2493,1.2444,1.2405,1.2346,1.2287,1.2239,1.219,1.2151,1.2111,1.2072,1.2014,1.1935,1.1867,1.1808,1.1799,1.1867,1.2014,1.2307,1.2796,1.35,1.4428,1.5552,1.6833,1.8221,1.9668,2.1095,2.2278,2.3294,2.435,2.5386,2.6344,2.7185,2.7928,2.8583,2.914,2.9599,2.9971,3.0244,3.042,3.0459,3.0391,3.0254,3.002,2.9697,2.9277,2.8778,2.8192,2.7556,2.6882,2.6197,2.5523,2.4927,2.4379,2.3812,2.3265,2.2776,2.2336,2.1965,2.1632,2.1349,2.1114,2.0909,2.0704,2.0499,2.0293,2.0088,1.9863,1.9619,1.9365,1.9071,1.8759,1.8436,1.8123,1.7801,1.7498,1.7204,1.696,1.6735,1.6481,1.6227,1.5982,1.5738,1.5494,1.5239,1.4995,1.477,1.4555,1.435,1.4154,1.3988,1.3861,1.3705,1.3539,1.3372,1.3206,1.306,1.2923,1.2786,1.2659,1.2542,1.2424,1.2346,1.2297,1.2229,1.216,1.2072,1.1975,1.1857,1.174,1.1642,1.1554,1.1447,1.1359,1.1271,1.1212,1.1163,1.1095,1.1046,1.1026,1.1105,1.1349,1.1779,1.2424,1.3294,1.437,1.5621,1.6804,1.7947,1.9218,2.0499,2.1711,2.2825,2.3822,2.4673,2.5406,2.6031,2.654,2.694,2.7234,2.739,2.7449,2.7468,2.741,2.7273,2.7048,2.6735,2.6344,2.5865,2.5318,2.4712,2.4066,2.347,2.2913,2.2326,2.175,2.1193,2.0694,2.0254,1.9883,1.956,1.9296,1.9062,1.8856,1.868,1.8524,1.8368,1.8201,1.8045,1.7859,1.7654,1.7439,1.7214,1.696,1.6696,1.6413,1.6109,1.5855,1.5611,1.5337,1.5064,1.48,1.4536,1.4282,1.4057,1.3822,1.3597,1.3402,1.3226,1.3089,1.2962,1.2805,1.2649,1.2483,1.2307,1.2151,1.2014,1.1642,1.1163,1.086,1.0645,1.0489,1.0401,1.0352,1.0293,1.0196,1.0108,1.0039,0.99707,0.9912,0.98729,0.98436,0.9824,0.98143,0.98338,0.98827,0.98827,0.98534,0.98143,0.97752,0.97458,0.97654,0.98631,1.0098,1.0508,1.1134,1.1994,1.2913,1.393,1.5181,1.6569,1.8006,1.9413,2.0733,2.1945,2.303,2.3959,2.4751,2.5425,2.5904,2.6237,2.651,2.6706,2.6804,2.6804,2.6725,2.6569,2.6344,2.6031,2.563,2.5152,2.4614,2.4096,2.3578,2.3021,2.2463,2.1906,2.1378,2.0909,2.0499,2.0156,1.9873,1.9638,1.9443,1.9277,1.912,1.8974,1.8817,1.8631,1.8436,1.824,1.8035,1.7849,1.7654,1.7429,1.7185,1.6911,1.6657,1.6413,1.6149,1.5894,1.565,1.5396,1.5142,1.4897,1.4653,1.4409,1.4184,1.3988,1.3851,1.3754,1.3617,1.347,1.3324,1.3167,1.3021,1.2884,1.2757,1.263,1.2522,1.2414,1.2307,1.2248,1.2209,1.2151,1.2063,1.1975,1.1877,1.1779,1.1691,1.1603,1.1515,1.1427,1.1359,1.132,1.129,1.1241,1.1173,1.1105,1.1056,1.1036,1.1095,1.1271,1.1593,1.2092,1.2796,1.3724,1.4673,1.5699,1.694,1.8299,1.9687,2.1046,2.2326,2.3509,2.4594,2.5572,2.6442,2.7214,2.7791,2.824,2.869,2.9071,2.9384,2.9619,2.9746,2.9756,2.9648,2.9423,2.9091,2.8651,2.8123,2.7566,2.697,2.6295,2.5582,2.4888,2.4242,2.3617,2.304,2.2532,2.2072,2.1672,2.1329,2.1036,2.0762,2.0489,2.0235,2,1.9765,1.9521,1.9267,1.9003,1.8729,1.8436,1.8123,1.7791,1.7498,1.7253,1.6989,1.6716,1.6442,1.6168,1.5885,1.5601,1.5318,1.5024,1.4721,1.4428,1.4194,1.4008,1.3812,1.3607,1.3402,1.3196,1.2991,1.2805,1.263,1.2454,1.2287,1.2121,1.2004,1.1896,1.1769,1.1623,1.1476,1.1339,1.1212,1.1085,1.0958,1.0831,1.0684,1.0528,1.0371,1.0264,1.0176,1.0068,0.99707,0.98827,0.98045,0.9697,0.95894,0.94917,0.94135,0.93939,0.94917,0.97067,1.0068,1.0665,1.1525,1.2639,1.3949,1.5386,1.6882,1.8358,1.9775,2.1075,2.2239,2.3265,2.4018,2.4585,2.5132,2.5601,2.5982,2.6256,2.6442,2.6549,2.6559,2.6491,2.6354,2.6129,2.5806,2.5415,2.5005,2.4555,2.3998,2.3392,2.2776,2.216,2.1564,2.1007,2.0518,2.0078,1.9707,1.9423,1.9198,1.8993,1.8817,1.8651,1.8475,1.8299,1.8133,1.7967,1.7791,1.7595,1.738,1.7185,1.6999,1.6784,1.654,1.6276,1.6002,1.5738,1.5484,1.523,1.4956,1.4682,1.4418,1.4154,1.3949,1.3773,1.3568,1.3372,1.3196,1.303,1.2864,1.2698,1.2542,1.2385,1.2229,1.2082,1.1984,1.1916,1.1818,1.1711,1.1603,1.1486,1.1369,1.1251,1.1153,1.1075,1.1007,1.0938,1.088,1.085,1.0831,1.0792,1.0743,1.0714,1.0674,1.0616,1.0557,1.0508,1.0479,1.0469,1.0528,1.0665,1.0909,1.1329,1.1955,1.2815,1.3891,1.5122,1.6481,1.7908,1.9335,2.0704,2.1955,2.3079,2.3939,2.4614,2.5279,2.5875,2.6364,2.6774,2.7087,2.7292,2.739,2.74,2.7312,2.7107,2.6833,2.651,2.6109,2.564,2.5112,2.4536,2.3949,2.3372,2.2805,2.2278,2.1808,2.1388,2.1036,2.0762,2.0547,2.0362,2.0196,2.0029,1.9863,1.9707,1.9541,1.9355,1.9159,1.8964,1.8759,1.8563,1.8358,1.8133,1.7869,1.7595,1.7331,1.7087,1.6852,1.6608,1.6344,1.608,1.5816,1.5562,1.5357,1.5181,1.4966,1.4741,1.4526,1.434,1.4174,1.4018,1.3881,1.3744,1.3607,1.346,1.3333,1.3255,1.3177,1.3099,1.3021,1.2942,1.2864,1.2786,1.2708,1.262,1.2542,1.2454,1.2385,1.2336,1.2258,1.218,1.2102,1.2023,1.1955,1.1906,1.1857,1.1808,1.1769,1.176,1.1818,1.1965,1.2219,1.2669,1.3333,1.4242,1.5367,1.6667,1.8065,1.9511,2.0929,2.2268,2.3509,2.4487,2.5298,2.6129,2.6911,2.7615,2.824,2.8768,2.9208,2.956,2.9824,3.001,3.0098,3.0098,2.998,2.9746,2.9443,2.9052,2.8563,2.7977,2.7341,2.6667,2.5963,2.5259,2.4594,2.3959,2.3412,2.2923,2.2463,2.2053,2.1701,2.1388,2.1095,2.0821,2.0557,2.0293,2,1.9707,1.9423,1.9169,1.8935,1.868,1.8407,1.8123,1.782,1.7498,1.7146,1.6784,1.6413,1.6051,1.5699,1.5415,1.5171,1.4888,1.4594,1.4311,1.4027,1.3754,1.349,1.3265,1.306,1.2884,1.2708,1.2542,1.2424,1.2326,1.2199,1.2043,1.1887,1.175,1.1623,1.1496,1.1271,1.0987,1.0782,1.0626,1.0528,1.0459,1.0371,1.0283,1.0205,1.0127,1.0049,0.99609,0.98827,0.98045,0.97263,0.96285,0.9521,0.94624,0.9433,0.94037,0.94624,0.96579,1.0039,1.0645,1.1486,1.2561,1.3832,1.523,1.6706,1.7996,1.915,2.0352,2.1486,2.2502,2.3353,2.4057,2.4604,2.5015,2.5327,2.5543,2.567,2.5718,2.567,2.5533,2.5337,2.5073,2.4741,2.434,2.3861,2.3324,2.2737,2.2131,2.1525,2.0948,2.0469,2.0049,1.9629,1.9238,1.8915,1.8651,1.8446,1.828,1.8133,1.8006,1.7879,1.7752,1.7625,1.7498,1.737,1.7214,1.7009,1.6794,1.6579,1.6364,1.6158,1.5953,1.5758,1.5543,1.5318,1.5122,1.4946,1.4741,1.4526,1.4321,1.4135,1.3988,1.3832,1.3646,1.348,1.3324,1.3177,1.304,1.2942,1.2864,1.2776,1.2688,1.261,1.2532,1.2444,1.2336,1.2229,1.2141,1.2053,1.1955,1.1887,1.1838,1.176,1.1681,1.1603,1.1535,1.1476,1.1427,1.1378,1.132,1.1251,1.1183,1.1124,1.1114,1.1183,1.132,1.1593,1.2053,1.2737,1.3675,1.4809,1.61,1.7498,1.8925,2.0323,2.1486,2.2473,2.35,2.4487,2.5386,2.6178,2.6862,2.7439,2.7937,2.8358,2.869,2.8925,2.9013,2.9003,2.8944,2.8817,2.8592,2.825,2.781,2.7283,2.6686,2.6061,2.5415,2.477,2.4145,2.3568,2.304,2.2512,2.2014,2.1564,2.1183,2.085,2.0567,2.0332,2.0137,1.9961,1.9765,1.957,1.9374,1.9159,1.8915,1.8651,1.8358,1.8045,1.7732,1.741,1.7107,1.6833,1.6559,1.6276,1.6041,1.5816,1.5572,1.5337,1.5093,1.4848,1.4614,1.437,1.4145,1.3939,1.3754,1.3568,1.3421,1.3284,1.3118,1.2952,1.2815,1.2678,1.2551,1.2414,1.2287,1.217,1.2023,1.1877,1.172,1.1603,1.1515,1.1408,1.132,1.1232,1.1124,1.1017,1.0899,1.0782,1.0665,1.0547,1.042,1.0332,1.0264,1.0176,1.0068,0.99804,0.99609,1.0039,1.0264,1.0684,1.1349,1.2268,1.3421,1.4731,1.5973,1.7175,1.8504,1.9844,2.1114,2.2268,2.3304,2.4203,2.4956,2.5582,2.61,2.651,2.6755,2.6901,2.7019,2.7077,2.7067,2.6979,2.6794,2.651,2.6139,2.5679,2.5132,2.4545,2.392,2.3333,2.2776,2.2375,2.2072,2.1642,2.1183,2.0743,2.0342,2,1.9717,1.9472,1.9257,1.9062,1.8886,1.87,1.8514,1.8338,1.8152,1.7937,1.7703,1.7458,1.7195,1.6921,1.6647,1.6364,1.6139,1.5943,1.5718,1.5464,1.5191,1.4907,1.4653,1.4409,1.4164,1.393,1.3715,1.3509,1.3353,1.3236,1.3099,1.2923,1.2737,1.2561,1.2395,1.2239,1.2102,1.1975,1.1848,1.172,1.1603,1.1525,1.1466,1.1369,1.1261,1.1153,1.1046,1.0948,1.086,1.0802,1.0772,1.0753,1.0733,1.0733,1.0753,1.0743,1.0694,1.0635,1.0587,1.0567,1.0626,1.0821,1.1193,1.1769,1.2571,1.3578,1.4585,1.563,1.6882,1.825,1.9638,2.0997,2.2248,2.3353,2.4311,2.5122,2.5787,2.6344,2.6735,2.6999,2.7224,2.738,2.7458,2.7449,2.7351,2.7165,2.6891,2.653,2.609,2.5562,2.5024,2.4477,2.3871,2.3255,2.2659,2.2102,2.1584,2.1144,2.0772,2.0469,2.0225,2.002,1.9863,1.9756,1.9658,1.955,1.9433,1.9306,1.915,1.8964,1.8749,1.8514,1.828,1.8025,1.7771,1.7546,1.7341,1.7116,1.6882,1.6647,1.6393,1.6129,1.5875,1.563,1.5376,1.5112,1.4878,1.4653,1.4487,1.435,1.4213,1.4057,1.39,1.3754,1.3607,1.348,1.3372,1.3255,1.3148,1.305,1.2991,1.2952,1.2893,1.2825,1.2747,1.2669,1.2581,1.2473,1.2366,1.2268,1.219,1.2121,1.2063,1.2043,1.2023,1.1975,1.1935,1.1887,1.1877,1.1945,1.2121,1.2463,1.3001,1.3754,1.4731,1.5728,1.6764,1.8006,1.9345,2.0714,2.2053,2.3294,2.4428,2.5455,2.6364,2.7155,2.7849,2.8436,2.8856,2.9159,2.9453,2.9697,2.9863,2.9951,2.9951,2.9863,2.9677,2.9384,2.8974,2.8465,2.7928,2.7361,2.6725,2.6041,2.5347,2.4653,2.3998,2.3402,2.2854,2.2375,2.1955,2.1584,2.1271,2.1007,2.0782,2.0547,2.0283,2,1.9717,1.9433,1.913,1.8807,1.8485,1.8162,1.783,1.7537,1.7263,1.697,1.6647,1.6325,1.6022,1.5718,1.5406,1.5103,1.4809,1.4516,1.4242,1.3978,1.3773,1.3597,1.3421,1.3236,1.305,1.2864,1.2688,1.2522,1.2356,1.219,1.2033,1.1896,1.1808,1.175,1.1652,1.1544,1.1427,1.131,1.1193,1.1075,1.0968,1.0723,1.0401,1.0205,1.0059,0.99902,0.99511,0.98925,0.9824,0.97458,0.96676,0.95894,0.95112,0.94624,0.94917,0.96579,0.99902,1.044,1.1056,1.1916,1.3021,1.4321,1.5748,1.7224,1.868,2.0059,2.1339,2.2483,2.346,2.4262,2.4829,2.523,2.5572,2.5836,2.6012,2.6109,2.6129,2.608,2.5953,2.5748,2.5455,2.5093,2.4702,2.4282,2.3793,2.3255,2.2698,2.2141,2.1593,2.1056,2.0557,2.0127,1.9765,1.9472,1.9238,1.9071,1.8935,1.8807,1.868,1.8553,1.8407,1.824,1.8074,1.7898,1.7703,1.7498,1.7273,1.7067,1.6882,1.6686,1.6481,1.6256,1.6002,1.5738,1.5484,1.523,1.4976,1.4731,1.4516,1.436,1.4242,1.4115,1.3969,1.3803,1.3617,1.3412,1.3216,1.304,1.2884,1.2737,1.259,1.2454,1.2375,1.2326,1.2268,1.219,1.2111,1.2033,1.1955,1.1867,1.1789,1.172,1.1662,1.1613,1.1593,1.1593,1.1574,1.1535,1.1476,1.1417,1.1369,1.1329,1.1349,1.1476,1.174,1.2209,1.2903,1.3675,1.4555,1.5699,1.7019,1.8436,1.9873,2.1261,2.2571,2.3773,2.4848,2.5797,2.6618,2.7234,2.7722,2.8221,2.87,2.912,2.9443,2.9658,2.9765,2.9765,2.9658,2.9453,2.913,2.87,2.8211,2.7693,2.7107,2.6461,2.5787,2.5112,2.4467,2.3851,2.3284,2.2747,2.2268,2.1857,2.1535,2.1251,2.0997,2.0772,2.0557,2.0342,2.0117,1.9883,1.9629,1.9365,1.9081,1.8798,1.8514,1.825,1.7996,1.7703,1.739,1.7087,1.6794,1.65,1.6207,1.5924,1.565,1.5376,1.5112,1.4888,1.4673,1.4438,1.4223,1.4008,1.3803,1.3587,1.3382,1.3187,1.3001,1.2854,1.2737,1.262,1.2532,1.2444,1.2317,1.217,1.2014,1.1877,1.1779,1.1711,1.1652,1.1603,1.1564,1.1525,1.1505,1.1476,1.1427,1.1359,1.1281,1.1212,1.1144,1.1056,1.0987,1.0948,1.0968,1.1105,1.1388,1.1779,1.2317,1.3099,1.4106,1.5298,1.6618,1.7986,1.9365,2.0723,2.1994,2.3138,2.4154,2.4917,2.5513,2.6129,2.6696,2.7185,2.7595,2.7908,2.8123,2.8231,2.8231,2.8113,2.7889,2.7576,2.7195,2.6755,2.6227,2.563,2.4995,2.4321,2.3646,2.2981,2.2366,2.1799,2.1281,2.0841,2.0489,2.0215,1.9951,1.9804,1.9717,1.958,1.9404,1.9198,1.8954,1.87,1.8446,1.8201,1.7957,1.7742,1.7537,1.7292,1.7019,1.6725,1.6413,1.61,1.5777,1.5464,1.5171,1.4888,1.4624,1.4418,1.4233,1.4018,1.3803,1.3597,1.3392,1.3196,1.3011,1.2815,1.262,1.2454,1.2307,1.218,1.2092,1.2023,1.1935,1.1828,1.1711,1.1603,1.1496,1.1388,1.1271,1.1153,1.1046,1.0948,1.0899,1.088,1.0821,1.0772,1.0733,1.0694,1.0655,1.0596,1.0518,1.044,1.0362,1.0303,1.0313,1.0411,1.0596,1.0929,1.1437,1.2151,1.3089,1.4213,1.5474,1.6823,1.8221,1.9589,2.087,2.1877,2.2698,2.35,2.4233,2.4858,2.5386,2.5806,2.6139,2.6373,2.651,2.652,2.6471,2.6373,2.6178,2.5924,2.5591,2.52,2.4624,2.4066,2.3646,2.3148,2.2522,2.1867,2.1427,2.1124,2.0782,2.0508,2.0303,2.0098,1.9932,1.9795,1.9687,1.958,1.9462,1.9326,1.9159,1.8954,1.869,1.8407,1.8201,1.8035,1.7771,1.7527,1.7351,1.7155,1.6921,1.6686,1.6452,1.6197,1.5934,1.5718,1.5552,1.5347,1.5103,1.4868,1.4721,1.4614,1.4457,1.4311,1.4184,1.4027,1.3842,1.3695,1.3578,1.346,1.3333,1.3226,1.3148,1.3069,1.2962,1.2835,1.2737,1.2669,1.259,1.2512,1.2483,1.2454,1.2405,1.2336,1.2268,1.2219,1.2141,1.2063,1.2004,1.1945,1.1955,1.2072,1.219,1.2366,1.2991,1.3724,1.4379,1.5337,1.65,1.7791,1.9159,2.0518,2.2092,2.3441,2.436,2.5132,2.5963,2.6755,2.7302,2.7849,2.8426,2.8895,2.9189,2.9433,2.9599,2.9677,2.9658,2.9541,2.9238,2.8915,2.8631,2.8231,2.7556,2.6696,2.609,2.5601,2.4868,2.4184,2.3705,2.3196,2.2669,2.2258,2.1955,2.1642,2.13,2.1007,2.0792,2.0567,2.0274,1.9951,1.9746,1.9589,1.9355,1.9052,1.8768,1.8504,1.8231,1.8016,1.7752,1.7478,1.7195,1.6843,1.651,1.6207,1.5963,1.5738,1.5562,1.5327,1.4995,1.4712,1.4526,1.4311,1.4027,1.3793,1.3597,1.3421,1.3294,1.3187,1.305,1.2903,1.2757,1.262,1.2493,1.2366,1.2248,1.2131,1.2004,1.1887,1.1769,1.1711,1.1681,1.1642,1.1603,1.1564,1.1525,1.1486,1.1427,1.1349,1.1193,1.1026,1.0919,1.089,1.0938,1.1095,1.1408,1.1926,1.2678,1.3646,1.4809,1.6109,1.7507,1.8925,2.0293,2.1417,2.2375,2.3372,2.433,2.52,2.5982,2.6657,2.7234,2.7722,2.8123,2.8416,2.8602,2.868,2.8651,2.8543,2.8377,2.8113,2.7752,2.7292,2.6745,2.6129,2.5474,2.479,2.4125,2.35,2.2972,2.2522,2.2092,2.1691,2.1329,2.1026,2.0753,2.0499,2.0264,2.0029,1.9804,1.9589,1.9374,1.9159,1.8935,1.869,1.8446,1.8192,1.7908,1.7615,1.7341,1.7058,1.6774,1.6481,1.6168,1.5904,1.567,1.5406,1.5132,1.4848,1.4575,1.4301,1.4027,1.3763,1.3539,1.3343,1.3167,1.2991,1.2854,1.2727,1.2561,1.2375,1.219,1.2014,1.1848,1.1701,1.1564,1.1437,1.131,1.1183,1.1105,1.1036,1.0929,1.0811,1.0694,1.0596,1.0508,1.042,1.0332,1.0254,1.0166,1.0088,1,0.99609,0.99413,0.98925,0.98338,0.9824,0.99316,1.0205,1.0674,1.1378,1.2307,1.3431,1.4721,1.5924,1.7067,1.8338,1.9599,2.0792,2.1877,2.2835,2.3666,2.437,2.4956,2.5435,2.5806,2.607,2.6207,2.6237,2.6207,2.61,2.5904,2.5601,2.521,2.4751,2.4233,2.3685,2.3118,2.2551,2.2053,2.1593,2.1124,2.0674,2.0264,1.9902,1.9599,1.9345,1.912,1.8935,1.8788,1.8641,1.8485,1.8338,1.8201,1.8035,1.783,1.7595,1.737,1.7155,1.695,1.6725,1.6481,1.6227,1.5973,1.5767,1.5582,1.5357,1.5122,1.4897,1.4673,1.4457,1.4252,1.4047,1.3842,1.3627,1.3431,1.3245,1.3118,1.303,1.2923,1.2805,1.2698,1.259,1.2502,1.2414,1.2326,1.2239,1.216,1.2063,1.2004,1.1975,1.1906,1.1838,1.1779,1.173,1.1681,1.1642,1.1603,1.1564,1.1515,1.1476,1.1437,1.1417,1.1378,1.13,1.1222,1.1183,1.1222,1.1408,1.1779,1.2375,1.3196,1.4223,1.5396,1.651,1.7615,1.8876,2.0166,2.1417,2.26,2.3666,2.4614,2.5445,2.6178,2.6804,2.7322,2.7752,2.8045,2.8231,2.8407,2.8543,2.8631,2.8651,2.8553,2.8338,2.8016,2.7566,2.7009,2.6383,2.5767,2.5161,2.4526,2.39,2.3284,2.2708,2.218,2.1701,2.1271,2.085,2.044,2.0039,1.9677,1.9326,1.8925,1.8524,1.827,1.8084,1.7752,1.7341,1.6891,1.6403,1.5894,1.5386,1.4858,1.4409,1.4018,1.3578,1.3118,1.7458,1.8192,1.9081,2.0078,2.1144,2.2082,2.2952,2.393,2.4956,2.5963,2.6931,2.7869,2.8778,2.9629,3.0401,3.1095,3.1691,3.2092,3.2356,3.261,3.2796,3.2913,3.2942,3.2854,3.2659,3.2385,3.2043,3.1623,3.1134,3.0606,3.0088,2.957,2.9013,2.8475,2.7957,2.7449,2.6979,2.654,2.6129,2.5758,2.5435,2.5152,2.4897,2.4663,2.4438,2.4223,2.4018,2.3793,2.3548,2.3294,2.305,2.2805,2.2542,2.2248,2.1916,2.1593,2.129,2.0938,2.0557,2.0176,1.9775,1.9355,1.8925,1.8514,1.8123,1.7742,1.739,1.7107,1.6852,1.6549,1.6237,1.5943,1.567,1.5396,1.5132,1.4878,1.4653,1.4457,1.4282,1.4125,1.4018,1.393,1.3842,1.3754,1.3656,1.3558,1.346,1.3363,1.3304,1.3275,1.3265,1.3255,1.3265,1.3265,1.3255,1.3255,1.3255,1.3255,1.3255,1.3255,1.3265,1.3314,1.3431,1.3656,1.4008,1.4428,1.4946,1.565,1.65,1.7468,1.8485,1.9521,2.0547,2.1544,2.2493,2.3363,2.4135,2.4731,2.5191,2.564,2.6041,2.6373,2.6628,2.6794,2.6882,2.6882,2.6804,2.6657,2.6432,2.6139,2.5826,2.5503,2.5122,2.4682,2.4213,2.3715,2.3226,2.2766,2.2326,2.1926,2.1564,2.1251,2.0987,2.0762,2.0547,2.0352,2.0176,2,1.9804,1.9599,1.9384,1.9169,1.8964,1.8768,1.8612,1.8465,1.8309,1.8143,1.7957,1.7761,1.7576,1.741,1.7273,1.7155,1.7028,1.6901,1.6774,1.6667,1.6569,1.6452,1.6315,1.6158,1.5992,1.5826,1.565,1.5484,1.5337,1.521,1.5103,1.5034,1.4956,1.4848,1.4751,1.4663,1.4614,1.4594,1.4604,1.4624,1.4682,1.4731,1.477,1.48,1.4018,1.2835,1.2219,1.1867,1.1642,1.1496,1.1408,1.1349,1.1339,1.1388,1.1535,1.1828,1.2199,1.2678,1.3343,1.4164,1.5103,1.6139,1.7214,1.8299,1.9374,2.043,2.1447,2.2395,2.3284,2.3978,2.4536,2.5103,2.564,2.6119,2.651,2.6823,2.7038,2.7146,2.7136,2.7019,2.6813,2.652,2.6149,2.5709,2.521,2.4653,2.4057,2.3421,2.2776,2.2141,2.1535,2.0968,2.042,1.9892,1.9433,1.9042,1.8661,1.8309,1.8006,1.7722,1.7449,1.7165,1.6891,1.6618,1.6334,1.6051,1.5806,1.5582,1.5337,1.5083,1.4819,1.4555,1.4301,1.4066,1.3842,1.3597,1.3314,1.303,1.2757,1.2532,1.2326,1.2092,1.1848,1.1603,1.1378,1.1193,1.1026,1.088,1.0743,1.0606,1.0469,1.0371,1.0264,1.0117,0.99511,0.97947,0.96774,0.95699,0.94721,0.93744,0.92571,0.91398,0.90225,0.88856,0.87879,0.87292,0.86706,0.86217,0.85728,0.85239,0.84751,0.8436,0.84066,0.83773,0.83578,0.83773,0.84262,0.85142,0.86706,0.89345,0.93353,0.98925,1.0596,1.1427,1.2366,1.3392,1.4467,1.5533,1.6549,1.74,1.8143,1.8895,1.9609,2.0254,2.0811,2.129,2.1701,2.2014,2.2229,2.2356,2.2395,2.2366,2.2278,2.2151,2.1955,2.1662,2.13,2.089,2.0411,1.9883,1.9335,1.8807,1.8319,1.7849,1.7439,1.7097,1.6774,1.6491,1.6246,1.6012,1.5806,1.563,1.5494,1.5376,1.5269,1.5142,1.5024,1.4897,1.4751,1.4585,1.4418,1.4252,1.4106,1.3969,1.3832,1.3705,1.3568,1.3421,1.3275,1.3157,1.305,1.2933,1.2815,1.2717,1.262,1.2532,1.2444,1.2356,1.2268,1.218,1.2092,1.2023,1.1975,1.1945,1.1916,1.1887,1.1877,1.1867,1.1867,1.1867,1.1877,1.1906,1.1926,1.1945,1.1975,1.1984,1.1994,1.1994,1.1975,1.1926,1.1887,1.1857,1.1838,1.1828,1.1808,1.1779,1.176,1.173,1.1711,1.1711,1.1769,1.1926,1.2229,1.2688,1.3304,1.4066,1.4956,1.5943,1.6843,1.7703,1.8671,1.9677,2.0674,2.1613,2.2483,2.3275,2.3988,2.4633,2.52,2.5689,2.61,2.6354,2.6491,2.6588,2.6618,2.6579,2.6481,2.6315,2.608,2.5787,2.5455,2.5073,2.4653,2.4233,2.3822,2.3412,2.3011,2.2649,2.2336,2.2063,2.2424,2.3099,2.3324,2.3353,2.3304,2.3196,2.305,2.2884,2.2708,2.2522,2.2317,2.2082,2.1848,2.1613,2.1378,2.1134,2.088,2.0626,2.0391,2.0186,1.9951,1.9697,1.9423,1.9159,1.8915,1.8671,1.8436,1.8221,1.8045,1.7889,1.7752,1.7634,1.7507,1.7351,1.7175,1.7009,1.6852,1.6706,1.6559,1.6432,1.6315,1.6188,1.6051,1.5934,1.5836,1.5709,1.5601,1.5513,1.5435,1.5367,1.5318,1.5269,1.522,1.5171,1.5112,1.5024,1.4946,1.4878,1.48,1.4741,1.4692,1.4663,1.4653,1.4673,1.4741,1.4917,1.5239,1.5718,1.6237,1.6843,1.7664,1.8631,1.9697,2.0802,2.1896,2.2952,2.3939,2.4868,2.5718,2.65,2.7204,2.7703,2.8084,2.8485,2.8847,2.915,2.9384,2.9541,2.9619,2.9619,2.9521,2.9345,2.9091,2.8778,2.8416,2.8006,2.7566,2.7116,2.6667,2.6237,2.5836,2.5445,2.5073,2.4721,2.4409,2.4135,2.3881,2.3646,2.3431,2.3236,2.304,2.2854,2.2639,2.2405,2.217,2.1935,2.1701,2.1466,2.1241,2.1026,2.0792,2.0538,2.0264,1.999,1.9687,1.9365,1.9042,1.8729,1.8416,1.8123,1.7869,1.7674,1.7498,1.7322,1.7136,1.695,1.6784,1.6637,1.652,1.6422,1.6364,1.6334,1.6325,1.6315,1.6315,1.6315,1.6334,1.6373,1.6432,1.65,1.6569,1.6637,1.6696,1.6755,1.6823,1.6882,1.694,1.7019,1.7126,1.7273,1.7429,1.7576,1.7752,1.7977,1.8289,1.871,1.9247,1.9892,2.0508,2.1124,2.1857,2.2659,2.347,2.4262,2.5034,2.5777,2.65,2.7195,2.783,2.8416,2.8847,2.9179,2.9531,2.9863,3.0156,3.0401,3.0577,3.0704,3.0762,3.0753,3.0674,3.0547,3.0381,3.0156,2.9883,2.9589,2.9296,2.8974,2.8622,2.826,2.7918,2.7605,2.7302,2.7009,2.6735,2.6471,2.6227,2.6022,2.5855,2.5709,2.5591,2.5474,2.5327,2.5161,2.5005,2.4839,2.4653,2.4428,2.4174,2.39,2.3597,2.3275,2.2942,2.2639,2.2346,2.2092,2.1896,2.174,2.1623,2.1515,2.1398,2.1271,2.1134,2.0997,2.086,2.0733,2.0635,2.0587,2.0587,2.0635,2.0723,2.0841,2.0968,2.1065,2.1144,2.1212,2.1271,2.13,2.129,2.1261,2.1222,2.1183,2.1144,2.1095,2.1046,2.0987,2.0117,1.8807,1.8035,1.7498,1.7028,1.654,1.5973,1.5327,1.4624,1.3851,1.305,1.2258,1.1603,1.1075,1.0626,1.0342,1.0274,1.045,1.0919,1.1642,1.2551,1.3597,1.4712,1.5816,1.6725,1.7507,1.8319,1.9042,1.9638,2.0117,2.0489,2.0733,2.0919,2.1095,2.1251,2.1388,2.1505,2.1544,2.1525,2.1457,2.13,2.1065,2.0733,2.0293,1.9765,1.9189,1.8583,1.7977,1.739,1.6862,1.6364,1.5846,1.5357,1.4927,1.4565,1.4282,1.4086,1.3959,1.3881,1.3822,1.3763,1.3705,1.3666,1.3646,1.3617,1.3568,1.347,1.3314,1.3089,1.2776,1.2395,1.1945,1.1417,1.0841,1.0323,0.98143,0.9218,0.85826,0.79472,0.73314,0.67351,0.61486,0.55621,0.50244,0.45259,0.40469,0.35875,0.32454,0.29912,0.26588,0.22874,0.19355,0.15934,0.13099,0.1085,0.090909,0.081134,0.079179,0.085044,0.099707,0.12023,0.1437,0.17107,0.20137,0.2346,0.26686,0.29717,0.32649,0.35582,0.38221,0.40371,0.42326,0.44184,0.45552,0.46432,0.47214,0.48387,0.50147,0.52981,0.57478,0.63636,0.71261,0.80156,0.89932,0.99022,1.0753,1.1701,1.2649,1.3558,1.4428,1.5249,1.6022,1.6735,1.74,1.8006,1.8553,1.8964,1.9267,1.956,1.9795,1.9951,2,1.9912,1.9697,1.9384,1.9003,1.8543,1.8055,1.7556,1.7107,1.6696,1.6256,1.5816,1.5425,1.5083,1.48,1.4575,1.436,1.4135,1.392,1.3724,1.3558,1.3392,1.3187,1.2962,1.2688,1.2375,1.2063,1.174,1.1408,1.1075,1.0743,1.043,1.0156,0.99316,0.97361,0.95112,0.92669,0.90127,0.87586,0.85239,0.83284,0.81427,0.7957,0.7781,0.76051,0.7478,0.73705,0.72141,0.70088,0.6784,0.65885,0.64223,0.62757,0.61486,0.60411,0.59433,0.58651,0.5826,0.58358,0.58553,0.58358,0.57869,0.56989,0.56109,0.55425,0.54936,0.54643,0.54545,0.54448,0.54448,0.54741,0.54839,0.54643,0.54545,0.54154,0.53763,0.53568,0.53568,0.54154,0.55914,0.59238,0.64223,0.70968,0.78299,0.86315,0.96188,1.0714,1.1867,1.305,1.4203,1.5298,1.6354,1.737,1.8328,1.9189,1.9863,2.0411,2.0938,2.1408,2.1799,2.2121,2.2375,2.2512,2.2542,2.2463,2.2268,2.1935,2.1496,2.1036,2.0557,2.002,1.9443,1.8886,1.8348,1.783,1.9326,2.1857,2.2972,2.3363,2.3431,2.3372,2.3265,2.3118,2.2942,2.2737,2.2502,2.2248,2.2004,2.1779,2.1544,2.13,2.1036,2.0743,2.0479,2.0244,2.001,1.9775,1.9521,1.9267,1.8993,1.87,1.8397,1.8084,1.7791,1.7507,1.7273,1.7097,1.6931,1.6755,1.6559,1.6373,1.6188,1.6002,1.5826,1.566
84.344,86.513,88.798,90.967,92.901,94.543,95.656,96.36,96.594,96.36,95.715,94.66,93.312,91.729,90.088,88.505,86.864,85.282,83.934,82.644,81.589,80.71,80.007,79.303,78.658,78.072,77.545,77.135,76.783,76.548,76.373,76.255,76.021,75.962,75.962,75.962,75.904,75.904,75.845,75.845,75.728,75.611,75.435,75.2,74.907,74.614,74.321,73.852,73.442,72.973,72.563,72.152,71.742,71.332,71.039,70.746,70.394,70.16,69.984,69.867,69.925,70.335,71.918,75.728,82.879,93.605,107.38,122.38,136.63,148.23,156.14,160.36,161.71,161.13,159.6,157.67,155.68,153.8,152.04,150.58,149.17,147.7,145.89,143.6,140.73,137.1,132.93,128.24,123.2,117.87,112.3,106.73,101.22,96.36,92.432,89.854,88.798,89.033,90.264,91.905,93.781,95.48,96.77,97.708,98.235,98.294,98.059,97.415,96.477,95.363,94.132,92.726,91.377,89.971,88.74,87.568,86.513,85.575,84.696,83.934,83.23,82.586,81.941,81.237,80.534,79.948,79.303,78.776,78.365,78.072,77.662,77.31,76.841,76.548,76.314,76.138,76.021,76.138,76.197,76.197,76.197,76.138,75.904,75.669,75.318,74.966,74.614,74.145,73.735,73.207,72.797,72.387,71.859,71.332,70.922,70.511,70.218,70.042,69.984,70.042,70.394,71.449,73.969,79.362,88.271,100.76,115.53,130.65,144.07,154.03,159.95,162.12,161.48,159.31,156.67,154.15,152.22,150.64,149.17,147.59,145.83,143.72,141.49,138.97,136.1,132.82,128.89,124.2,118.81,112.95,106.79,100.7,95.187,90.674,87.685,86.278,86.337,87.568,89.326,91.26,93.136,94.543,95.656,96.36,96.653,96.653,96.301,95.539,94.484,93.194,91.671,90.088,88.564,87.157,85.926,84.813,83.816,82.82,81.824,80.769,79.772,78.776,77.838,77.076,76.314,75.728,75.259,74.79,74.497,74.145,73.969,73.794,73.852,73.911,74.028,74.087,74.087,74.028,73.852,73.676,73.325,72.914,72.504,71.977,71.508,70.98,70.511,69.984,69.456,68.987,68.518,68.167,67.874,67.698,67.581,67.522,67.405,67.346,67.288,67.288,67.405,67.932,69.339,72.739,79.186,89.092,101.99,116.29,130.18,142.02,150.58,155.44,156.97,155.97,153.39,150.11,146.77,143.72,141.08,138.62,136.16,133.7,130.94,127.95,124.55,120.92,116.93,112.54,107.73,102.63,97.297,92.257,87.861,84.637,82.761,82.117,82.527,83.582,85.164,86.981,88.798,90.674,92.432,94.015,95.129,95.598,95.48,94.718,93.605,92.198,90.674,89.15,87.685,86.161,84.754,83.406,82.175,81.12,80.182,79.362,78.717,78.19,77.721,77.369,77.135,76.9,76.841,76.841,76.9,76.959,77.076,77.193,77.193,77.135,76.959,76.783,76.607,76.314,75.962,75.669,75.318,74.907,74.556,74.087,73.735,73.383,73.032,72.739,72.446,72.094,71.801,71.684,71.566,71.508,71.449,71.273,71.156,71.039,71.097,71.801,73.794,78.307,86.278,97.883,112.01,126.78,140.2,150.4,156.85,159.72,159.84,158.49,156.5,154.44,152.57,150.99,149.64,148.35,147.06,145.48,143.6,141.26,138.38,134.81,130.65,126.02,120.74,115.12,109.2,103.28,97.942,93.546,90.498,89.033,88.974,89.912,91.553,93.429,95.187,96.653,97.825,98.47,98.821,98.587,98.118,97.297,96.184,94.836,93.488,92.022,90.674,89.385,88.095,86.981,85.985,85.047,84.168,83.347,82.586,81.882,81.179,80.475,79.772,79.127,78.6,78.131,77.721,77.428,77.135,76.783,76.548,76.314,76.138,75.904,75.728,75.611,75.493,75.318,75.2,74.966,74.79,74.556,74.38,74.087,73.852,73.559,73.207,72.914,72.563,72.211,71.918,71.625,71.273,70.98,70.629,70.335,70.218,70.277,70.804,72.152,75.493,81.999,92.257,105.74,120.98,135.75,148,156.5,160.95,162.12,161.19,159.25,156.97,154.8,152.75,150.81,148.99,147.12,145.24,143.19,140.73,137.8,134.4,130.47,126.13,121.21,115.94,110.19,104.27,98.763,94.015,90.498,88.564,88.154,88.916,90.557,92.491,94.367,95.949,97.063,97.708,98.001,97.883,97.415,96.711,95.773,94.66,93.429,92.022,90.674,89.326,87.978,86.688,85.575,84.461,83.582,82.761,81.941,81.237,80.944,80.886,80.769,80.534,80.124,79.714,79.479,79.303,79.186,78.834,78.483,77.897,77.31,76.724,76.373,76.197,76.021,75.904,75.728,75.552,75.259,74.966,74.79,74.614,74.38,74.087,73.911,73.618,73.325,72.914,72.563,72.094,71.625,71.097,70.687,70.394,70.218,70.218,70.277,70.804,72.563,76.607,84.109,95.305,109.37,124.49,138.38,149.17,155.97,158.78,158.84,157.43,155.62,153.92,152.39,150.69,148.76,146.41,143.72,140.91,137.97,135.04,132.05,128.77,125.14,120.8,115.88,110.37,104.51,98.645,93.605,89.736,87.333,86.571,87.04,88.447,90.264,92.139,93.722,95.011,95.832,96.301,96.36,96.066,95.246,94.015,92.432,90.733,88.916,87.157,85.575,84.051,82.879,81.941,81.237,80.769,80.417,80.065,79.596,79.069,78.307,77.545,76.841,76.255,75.611,75.083,74.673,74.263,73.794,73.501,73.325,73.207,73.149,73.09,72.914,72.68,72.387,72.035,71.859,71.742,71.625,71.566,71.449,71.215,71.039,70.863,70.687,70.511,70.277,70.042,69.632,68.987,68.284,67.581,66.995,66.467,66.233,66.233,66.408,66.76,67.405,69.339,73.501,80.886,91.612,104.8,119.1,132.76,144.13,152.1,156.55,157.67,156.32,153.51,149.99,146.41,143.25,140.44,137.92,135.57,133.17,130.65,127.72,124.38,120.39,115.76,110.54,105.09,99.466,94.191,89.56,86.102,84.168,83.582,84.344,85.926,87.978,90.147,92.315,94.132,95.539,96.535,97.063,97.122,96.653,95.832,94.718,93.312,91.788,90.088,88.388,86.747,85.282,84.109,83.054,82.175,81.296,80.475,79.772,79.303,78.893,78.6,78.365,78.131,77.838,77.603,77.369,77.193,76.959,76.783,76.666,76.49,76.373,76.197,75.962,75.728,75.493,75.259,75.083,74.966,74.849,74.614,74.438,74.263,74.087,73.969,73.911,73.794,73.676,73.501,73.207,72.914,72.563,72.211,71.918,71.625,71.332,71.332,71.742,73.207,76.9,83.875,94.425,107.96,122.85,137.04,148.7,156.73,161.19,162.59,162.06,160.42,158.37,156.2,154.09,152.22,150.58,148.88,147.18,145.24,143.07,140.5,137.45,133.87,129.71,125.08,119.8,114.18,108.38,102.81,98.001,94.191,91.671,90.498,90.557,91.612,93.194,94.836,96.418,97.649,98.47,98.997,99.056,98.821,98.177,97.297,96.184,94.836,93.429,91.905,90.557,89.15,87.919,86.747,85.692,84.754,83.875,83.054,82.351,81.648,81.003,80.358,79.948,79.596,79.42,79.303,79.303,79.245,79.186,79.069,78.893,78.776,78.541,78.307,78.014,77.662,77.31,76.959,76.666,76.373,75.962,75.552,75.083,74.673,74.321,73.911,73.559,73.207,72.856,72.563,72.211,71.977,71.742,71.449,71.215,71.039,70.98,70.98,71.156,71.801,73.794,78.365,86.513,98.352,112.89,128.13,141.78,152.22,158.49,160.95,160.54,158.61,156.03,153.62,151.51,149.81,148.17,146.47,144.54,142.37,140.03,137.56,134.87,131.88,128.3,124.14,119.1,113.53,107.55,101.34,95.48,90.557,87.04,85.164,84.871,85.751,87.275,89.209,91.202,92.901,94.308,95.305,95.832,95.949,95.598,94.836,93.781,92.491,90.967,89.443,87.861,86.278,84.813,83.406,82.175,81.062,80.065,79.186,78.248,77.369,76.49,75.786,75.259,74.79,74.497,74.321,74.145,74.087,74.028,73.969,73.911,73.735,73.559,73.383,73.149,73.032,72.973,72.856,72.739,72.504,72.152,71.859,71.508,71.215,70.922,70.746,70.511,70.16,69.808,69.339,68.929,68.518,68.284,68.108,67.991,67.932,67.815,67.756,67.522,67.463,67.698,68.87,71.918,78.072,87.743,100.52,115.06,129.42,141.9,151.22,156.85,158.9,158.31,155.97,152.86,149.58,146.36,143.43,140.67,137.97,135.28,132.47,129.48,126.19,122.5,118.52,114,109.14,103.86,98.411,93.253,88.74,85.575,83.875,83.699,84.696,86.513,88.681,90.909,93.077,94.718,86.688,85.164,83.523,81.882,80.3,78.893,77.662,76.607,75.728,74.907,74.263,73.559,72.856,72.211,71.684,71.156,70.804,70.394,70.042,69.691,69.28,68.929,68.518,68.225,67.815,67.346,66.877,66.408,65.939,65.529,65.236,65.002,64.767,64.65,64.533,64.474,64.416,64.357,64.298,64.122,63.771,63.419,63.067,62.774,62.599,62.481,62.247,61.895,61.602,61.309,60.84,60.488,60.371,61.133,63.947,69.984,80.065,93.546,109.08,124.44,137.56,146.94,152.04,153.57,152.39,149.76,146.77,143.78,141.26,138.85,136.45,133.87,131.18,128.42,125.49,122.44,119.1,115.41,111.31,106.73,101.63,96.184,90.674,85.458,81.003,77.486,75.376,74.673,75.318,76.841,79.01,81.355,83.465,85.047,86.102,86.747,87.216,87.626,87.743,87.509,86.981,86.044,84.871,83.465,82.058,80.71,79.655,78.658,77.838,77.135,76.314,75.435,74.497,73.676,72.914,72.387,71.918,71.566,71.097,70.687,70.277,69.925,69.573,69.222,68.87,68.694,68.518,68.636,68.753,68.929,69.105,69.163,69.222,69.339,69.398,69.398,69.339,69.222,69.105,68.87,68.518,68.05,67.463,67.053,66.584,66.291,66.115,65.881,65.646,65.529,66.115,68.518,74.321,84.403,98.47,114.88,130.94,144.3,153.33,157.67,158.43,157.26,155.56,154.27,153.51,153.16,153.04,152.92,152.57,151.92,150.87,149.58,147.82,145.54,142.55,138.74,134.11,128.71,122.74,116.41,109.84,103.28,97.239,91.905,87.919,85.458,84.696,85.164,86.571,88.447,90.264,91.788,93.077,94.015,94.484,94.601,94.367,93.781,93.077,91.964,90.791,89.385,87.861,86.337,84.93,83.523,82.292,81.179,80.065,79.01,77.897,76.959,76.197,75.552,74.966,74.497,74.028,73.618,73.325,72.973,72.621,72.27,71.918,71.684,71.449,71.156,70.922,70.804,70.629,70.511,70.218,69.984,69.691,69.398,69.105,68.812,68.46,68.108,67.756,67.288,66.877,66.35,65.881,65.353,64.943,64.65,64.533,64.591,64.591,64.591,64.591,65.002,66.467,70.218,77.779,89.736,105.15,121.74,136.74,147.94,154.39,156.44,155.62,153.51,150.99,148.88,147.12,145.65,144.36,143.13,141.84,140.5,138.91,136.98,134.58,131.35,127.48,122.79,117.64,112.01,106.09,100.17,94.367,89.092,84.813,81.941,80.593,80.769,82.117,83.992,86.161,88.095,89.678,90.674,91.084,91.202,90.791,90.147,89.326,88.212,86.981,85.692,84.344,82.996,81.648,80.475,79.303,78.248,77.252,76.314,75.435,74.614,73.852,73.09,72.563,71.977,71.566,71.215,70.98,70.746,70.511,70.16,69.867,69.456,69.046,68.694,68.284,67.874,67.405,67.053,66.584,66.233,65.881,65.412,64.943,64.416,63.947,63.419,62.892,62.423,62.012,61.485,61.075,60.606,60.254,59.961,59.727,59.492,59.258,58.906,58.671,58.554,58.789,59.961,63.126,69.573,80.124,94.367,110.49,126.19,139.03,147.53,151.51,151.81,149.76,146.59,143.19,139.97,137.39,135.28,133.64,132.05,130.41,128.54,126.25,123.2,119.22,114.65,109.55,104.1,98.411,92.784,87.333,82.586,78.893,76.666,75.904,76.431,77.838,79.831,82.058,84.109,85.809,87.04,87.802,88.095,88.037,87.685,87.04,86.161,85.106,83.934,82.644,81.472,80.3,79.127,78.014,76.9,75.962,75.024,74.263,73.559,72.914,72.387,71.918,71.566,71.215,70.804,70.218,69.691,69.222,68.87,68.694,68.46,68.46,68.46,68.636,68.812,68.929,68.987,68.929,68.87,68.812,68.87,68.87,68.87,68.812,68.636,68.343,68.05,67.698,67.229,66.819,66.35,66.115,65.998,66.057,66.115,66.115,66.057,66.115,66.526,68.284,72.856,81.589,94.66,110.72,127.19,141.37,151.22,156.44,157.67,156.38,154.03,151.75,149.93,148.7,147.82,147.12,146.36,145.3,143.66,141.43,138.5,134.99,130.94,126.37,121.33,115.82,110.07,104.1,98.235,92.726,88.154,84.871,83.172,82.996,83.934,85.575,87.45,89.15,90.615,91.671,92.315,92.491,92.491,92.139,91.377,90.029,88.505,86.923,85.458,84.109,82.761,81.355,80.182,79.01,77.838,76.783,75.845,74.966,74.321,73.618,72.914,72.27,71.742,71.097,70.394,69.749,69.105,68.518,68.05,67.756,67.522,67.405,67.405,67.405,67.288,67.17,66.995,66.76,66.408,66.057,65.646,65.295,64.943,64.474,64.064,63.654,63.302,62.892,62.54,62.188,61.719,61.309,60.899,60.606,60.313,60.137,59.902,59.785,59.609,59.609,59.844,61.192,64.533,71.215,82.058,96.535,113.01,128.95,142.02,150.58,154.39,154.33,151.69,148.06,144.48,141.55,139.38,137.74,136.27,134.87,133.23,131.12,128.6,125.61,122.09,118.1,113.53,108.49,103.04,97.356,91.671,86.22,81.589,78.365,76.666,76.431,77.369,79.069,81.062,83.054,84.813,86.102,87.04,87.568,87.685,87.568,87.04,86.278,85.223,84.051,82.879,81.589,80.534,79.538,78.658,77.779,76.783,75.845,75.024,74.321,73.735,73.149,72.621,71.977,71.508,71.097,70.863,70.57,70.218,69.867,69.573,69.339,69.28,69.28,69.28,69.398,69.573,69.632,69.573,69.28,68.987,68.694,68.401,68.167,67.874,67.581,67.229,66.76,66.233,65.705,65.295,65.002,64.767,64.767,64.709,64.709,64.709,64.709,64.884,65.471,67.229,71.566,79.655,92.022,107.73,124.32,139.03,149.99,156.2,158.25,157.49,155.32,152.86,150.64,148.88,147.59,146.83,146.12,145.3,143.95,142.02,139.38,136.04,132.23,127.95,123.2,118.05,112.6,106.97,101.22,95.656,90.733,86.864,84.344,83.406,83.758,85.047,86.806,88.623,90.322,91.612,92.491,92.901,92.96,92.667,92.139,91.319,90.264,89.092,87.861,86.571,85.164,83.816,82.527,81.355,80.3,79.362,78.483,77.662,76.959,76.373,75.728,75.259,74.731,74.321,73.911,73.618,73.207,72.973,72.739,72.563,72.27,72.035,71.859,71.742,71.566,71.273,71.039,70.804,70.511,70.16,69.808,69.339,68.929,68.401,67.932,67.405,66.877,66.233,65.588,65.002,64.357,63.712,63.361,63.361,63.536,63.478,63.126,62.657,62.423,62.423,63.067,65.353,70.804,80.358,94.132,110.37,126.66,140.38,149.7,154.33,155.09,153.51,151.05,148.64,146.59,145.24,144.13,143.25,142.37,141.37,140.03,138.27,135.75,132.47,128.48,123.79,118.57,112.95,107.09,101.22,95.422,89.971,85.282,81.589,79.186,78.19,78.424,79.596,81.296,83.23,85.106,86.688,87.802,88.388,88.505,88.095,87.333,86.337,85.223,84.051,82.879,81.53,80.3,79.127,78.072,77.135,76.255,75.493,74.731,73.969,73.383,72.856,72.446,71.918,71.508,70.98,70.57,69.984,69.398,68.929,68.401,68.05,67.756,67.581,67.463,67.522,67.815,68.167,68.636,68.929,69.163,69.456,69.867,70.335,70.98,71.684,72.152,72.563,72.914,73.383,73.794,74.028,74.028,73.852,73.442,72.914,72.446,72.152,72.035,71.859,71.859,72.797,76.138,83.289,95.011,110.25,126.78,142.02,153.62,160.54,163.12,162.59,160.66,158.49,156.67,155.32,154.44,153.86,153.45,152.86,151.92,150.22,147.76,144.48,140.55,136.04,131,125.43,119.57,113.53,107.5,101.69,96.653,92.901,90.674,89.854,90.147,91.202,92.491,93.605,94.484,95.011,95.187,95.246,94.894,94.191,93.194,92.198,91.319,90.557,89.795,88.798,87.685,86.513,85.282,84.109,82.996,81.941,81.003,80.241,79.655,79.245,78.776,78.307,77.662,76.959,76.373,75.669,75.024,74.497,73.969,73.501,73.032,72.68,72.27,72.035,71.918,71.859,71.801,71.801,71.859,71.801,71.742,71.566,71.156,70.746,70.16,69.456,68.694,67.756,66.819,65.646,64.533,63.478,62.54,61.778,61.25,60.723,60.371,60.137,60.02,60.371,61.368,64.181,70.394,81.413,96.594,114.12,131.12,144.77,153.68,157.55,157.49,155.09,151.92,148.94,146.59,145.18,144.48,144.07,143.72,143.25,142.37,140.85,138.74,135.92,132.35,128.19,123.44,118.1,112.36,106.32,100.17,94.249,88.798,84.285,81.179,79.772,80.007,81.296,83.347,85.633,87.685,89.385,90.498,91.084,91.202,90.85,90.322,89.502,88.447,87.216,85.926,84.461,82.937,81.355,79.831,78.424,77.252,76.138,75.024,74.087,73.207,72.446,71.684,71.039,70.511,70.042,69.632,69.222,68.987,68.753,68.46,68.284,68.05,67.815,67.522,67.346,67.112,66.877,66.526,66.233,65.939,65.529,65.178,64.767,64.474,64.122,63.771,63.478,63.126,62.716,62.423,62.13,61.778,61.544,61.309,61.133,60.957,60.84,60.782,60.723,60.664,60.899,61.895,64.767,70.687,80.475,94.074,109.84,125.61,138.97,148.23,152.69,153.1,150.75,147.06,143.19,139.79,137.1,135.1,133.46,132,130.36,128.42,126.08,123.09,119.57,115.23,110.43,105.15,99.7,94.132,88.798,84.051,80.3,77.838,76.9,77.369,78.717,80.71,82.937,84.989,86.747,88.037,88.916,89.502,89.912,90.088,89.736,88.623,87.157,85.751,84.461,83.347,82.468,81.589,80.71,79.772,78.776,77.779,76.724,75.669,74.556,73.559,72.68,71.977,71.332,70.863,70.394,70.042,69.808,69.632,69.456,69.398,69.398,69.339,69.339,69.339,69.339,69.339,69.398,69.456,69.573,69.632,69.632,69.456,69.28,68.987,68.518,68.167,67.756,67.405,66.995,66.408,65.881,65.471,65.353,65.295,65.236,65.236,65.529,66.877,70.218,77.252,88.564,103.63,120.27,135.86,147.94,155.27,158.2,158.02,156.32,154.33,152.69,151.69,151.16,150.93,150.75,150.4,150.05,149.35,148.23,146.41,143.78,140.32,135.86,130.82,125.37,119.45,113.18,106.68,100.4,94.718,90.147,86.981,85.399,85.458,86.63,88.271,90.088,91.671,92.901,93.663,94.074,94.074,93.722,93.253,92.491,91.553,90.322,88.916,87.333,85.809,84.227,82.82,81.53,80.417,79.479,78.658,78.072,77.428,76.724,75.786,74.731,73.735,72.797,71.918,71.156,70.57,70.042,69.573,69.163,68.929,68.753,68.636,68.518,68.518,68.401,68.225,67.991,67.756,67.463,67.229,66.936,66.584,66.291,65.822,65.119,64.357,63.654,63.067,62.423,61.895,61.426,61.075,60.664,60.43,60.195,59.961,59.727,59.551,59.375,59.492,60.137,62.012,66.35,74.438,86.63,102.05,118.63,133.81,145.42,152.16,154.39,153.21,150.34,147.12,144.25,142.02,140.2,138.74,137.33,135.69,133.7,131.29,128.36,124.9,120.98,116.52,111.6,106.38,100.87,95.305,89.795,84.754,80.534,77.721,76.607,77.076,78.483,80.593,82.82,84.871,86.571,87.685,88.271,88.388,88.037,87.509,86.688,85.633,84.403,83.172,81.882,80.534,79.362,78.307,77.31,76.373,75.493,74.673,73.911,73.09,72.387,71.566,70.863,70.335,69.867,69.398,69.046,68.636,68.225,67.991,67.756,67.522,67.463,67.522,67.581,67.815,67.991,68.225,68.401,68.636,68.694,68.753,68.812,68.87,68.987,69.046,68.987,68.812,68.518,68.167,67.874,67.463,67.17,66.877,66.526,66.291,66.115,65.939,65.822,65.998,67.053,70.042,76.431,87.04,101.4,117.64,133.11,145.54,153.57,156.97,156.97,154.97,152.39,149.93,147.94,146.41,145.24,144.13,142.78,141.32,139.44,137.21,134.69,131.47,127.66,123.03,117.75,112.07,106.03,100.11,94.425,89.502,85.751,83.465,82.761,83.347,84.813,86.688,88.505,90.088,91.26,91.964,92.315,92.257,91.964,91.495,90.733,89.795,88.74,87.626,86.395,85.164,83.934,82.761,81.589,80.534,79.538,78.658,77.897,77.252,76.548,75.786,75.083,74.556,74.087,73.735,73.442,73.149,72.914,72.739,72.563,72.27,72.152,71.977,71.801,71.684,71.625,71.508,71.215,70.922,70.57,70.16,69.808,69.398,69.046,68.694,68.284,67.932,67.463,66.995,66.526,66.057,65.588,65.295,65.06,64.709,64.298,63.829,63.478,63.361,64.064,66.643,72.68,83.172,97.883,114.76,131.23,144.6,153.39,157.38,157.67,155.85,153.39,151.1,149.4,148.35,147.82,147.47,147.18,146.59,145.65,144.36,142.37,139.79,136.51,132.29,127.37,121.62,115.35,108.79,102.1,95.598,89.619,84.52,80.886,78.776,78.424,79.42,81.296,83.582,85.809,87.626,88.974,89.854,90.147,90.029,89.56,88.798,87.743,86.513,85.047,83.523,82.058,80.593,79.245,78.014,76.841,75.786,74.849,74.028,73.207,72.563,71.801,71.156,70.57,70.042,69.573,69.163,68.812,68.401,68.108,67.815,67.463,67.17,66.936,66.526,66.233,65.939,65.588,65.353,65.178,65.06,64.943,64.709,64.591,64.416,64.181,63.947,63.595,63.243,62.833,62.423,62.13,61.837,61.661,61.485,61.368,61.25,61.075,60.723,60.488,60.313,60.488,61.661,65.002,71.859,82.82,97.239,113.3,128.77,141.49,149.7,153.21,152.92,150.4,147.06,143.84,141.2,138.97,137.15,135.69,134.16,132.64,130.65,128.19,125.14,121.5,117.4,112.95,108.02,102.81,97.473,92.198,87.216,82.996,79.831,78.248,78.19,79.362,81.296,83.465,85.633,87.45,88.681,89.502,89.854,89.795,89.385,88.74,87.861,86.864,85.751,84.637,83.406,82.234,81.003,79.831,78.717,77.721,76.783,75.962,75.259,74.497,73.852,73.325,72.797,72.27,71.859,71.449,71.039,70.804,70.57,70.335,70.277,70.16,69.925,69.749,69.456,69.163,68.87,68.46,68.05,67.581,67.17,66.76,66.291,65.939,65.529,65.236,65.002,64.709,64.533,64.474,64.474,64.298,64.005,63.595,63.302,63.067,63.009,63.126,64.181,67.17,73.618,84.344,98.88,115.23,130.94,143.54,151.87,155.62,155.68,153.62,150.99,148.94,147.82,147.53,148,148.82,149.46,149.81,149.4,148.23,146.24,143.66,140.44,136.57,131.94,126.6,120.57,113.94,107.03,100.29,94.191,88.916,84.696,81.999,81.179,81.941,83.582,85.575,87.45,88.857,89.854,90.322,89.56,86.278,79.655,69.925,60.195,66.291,69.867,73.383,75.904,77.193,77.076,76.021,74.673,73.09,71.566,70.218,69.398,68.987,68.636,68.225,67.874,67.522,67.229,67.112,67.112,67.17,67.229,67.053,66.76,66.584,67.463,70.863,77.897,88.857,102.63,117.23,130.41,140.5,146.59,149.29,149.7,148.94,147.88,146.59,145.18,143.66,142.37,141.26,140.26,139.09,137.56,135.1,131.88,127.72,122.85,117.34,111.42,105.39,99.114,92.843,86.981,81.882,78.131,76.021,75.669,76.607,78.483,80.71,82.996,84.754,85.985,86.864,87.333,87.45,87.157,86.688,85.926,84.989,83.934,82.644,81.355,80.182,79.186,78.072,76.666,75.259,74.263,73.676,73.09,72.211,71.156,70.57,70.746,71.742,72.856,73.559,73.501,72.797,71.859,70.804,69.339,67.522,65.705,64.298,63.419,63.009,63.009,63.654,65.06,66.877,68.694,70.16,71.156,71.566,70.98,69.691,68.05,66.76,65.939,65.236,64.884,64.767,64.767,64.533,63.829,62.774,62.012,62.188,63.185,64.181,64.943,66.408,70.335,78.072,89.56,103.74,119.1,133.4,144.6,151.34,153.92,153.39,151.22,149.17,148.06,147.24,146,144.42,142.78,141.14,139.5,137.68,135.1,131.23,126.25,120.74,115.17,109.72,104.51,99.466,94.601,89.619,85.106,81.999,80.593,80.944,82.468,84.871,87.333,89.502,90.909,91.788,92.139,92.139,91.846,91.319,90.615,89.736,88.681,87.509,85.985,84.344,82.82,81.355,80.241,79.127,78.072,76.9,75.728,74.614,73.559,72.621,71.801,71.039,70.57,70.16,70.042,70.101,70.218,70.394,70.629,70.629,70.335,69.984,69.573,69.163,68.929,68.812,68.694,68.518,68.401,68.225,68.108,67.991,67.874,67.698,67.346,67.053,66.584,66.233,65.822,65.353,64.884,64.416,63.947,63.478,63.067,62.774,62.599,62.599,63.067,64.767,69.163,77.428,89.971,105.74,122.74,138.33,150.17,157.32,159.95,159.31,156.97,154.15,151.75,149.93,148.82,148,147.18,146.18,144.72,142.84,140.61,137.92,134.69,130.88,126.37,121.33,115.58,109.55,103.16,96.887,91.026,86.22,82.996,81.413,81.413,82.586,84.52,86.747,88.74,90.381,91.612,92.374,92.726,92.726,92.432,91.729,90.791,89.678,88.388,87.04,85.751,84.285,82.937,81.589,80.417,79.362,78.424,77.486,76.548,75.728,75.083,74.673,74.38,74.145,72.797,72.211,71.684,71.215,70.804,70.335,69.925,69.456,69.046,68.694,68.401,68.401,68.636,69.046,69.456,70.042,70.687,71.332,71.918,72.211,72.446,72.621,72.856,73.09,73.383,73.559,73.559,73.383,73.032,72.68,72.387,71.977,71.508,70.922,70.16,69.456,69.339,70.746,74.849,82.879,94.836,109.78,125.67,140.26,151.46,158.43,161.36,161.13,159.02,156.5,154.39,152.8,151.57,150.22,148.76,147,145.01,142.66,139.91,136.57,132.52,127.95,122.74,117.11,111.19,105.15,99.232,93.781,89.209,85.868,83.992,83.582,84.344,85.809,87.509,89.092,90.498,91.436,91.905,92.139,92.022,91.788,91.26,90.498,89.502,88.271,87.04,85.809,84.637,83.406,82.292,81.179,80.065,79.069,78.19,77.428,76.724,76.021,75.435,74.79,74.321,73.852,73.442,73.032,72.739,72.504,72.211,71.977,71.684,71.449,71.215,71.097,70.922,70.746,70.57,70.335,70.101,69.925,69.632,69.28,68.929,68.636,68.343,68.225,68.108,67.991,67.698,67.288,66.877,66.35,65.998,65.646,65.412,65.236,65.002,64.884,65.06,66.408,70.042,77.193,88.564,103.57,120.45,136.57,149.64,158.49,163,164.06,162.94,160.6,158.08,155.97,154.56,153.62,152.69,151.51,150.05,148.47,146.83,144.77,142.19,138.85,134.63,129.59,123.91,117.75,111.25,104.68,98.411,92.901,88.74,86.102,85.164,85.692,87.099,89.033,91.026,92.726,93.898,94.66,95.129,95.187,95.011,94.484,93.781,92.901,91.905,90.733,89.443,88.095,86.923,85.809,84.754,83.816,83.289,83.113,82.527,81.355,79.831,78.717,78.072,77.662,77.428,77.31,76.959,76.607,76.138,75.552,74.966,74.438,73.852,73.325,72.797,72.211,71.801,71.449,71.039,70.511,69.808,69.046,68.343,67.756,67.229,66.819,66.467,66.233,65.998,65.705,65.412,65.178,64.884,64.591,64.298,64.005,63.654,63.302,63.009,62.833,63.536,65.881,71.215,80.651,94.132,110.37,127.31,142.49,153.92,160.66,163.06,162.24,159.66,156.5,153.45,150.81,148.7,146.88,145.13,143.37,141.37,139.26,136.74,133.81,130.24,125.9,120.86,115.17,108.9,102.51,96.125,90.264,85.282,81.824,80.007,79.831,81.062,83.054,85.34,87.626,89.502,90.791,91.671,91.964,91.846,91.436,90.615,89.56,88.447,87.157,85.868,84.461,83.113,81.824,80.475,79.362,78.365,77.428,76.548,75.728,75.024,74.38,73.794,73.207,72.739,72.211,71.801,71.332,70.98,70.687,70.394,70.218,70.042,69.867,69.691,69.456,69.28,69.163,68.987,68.929,68.929,68.87,68.812,68.694,68.401,68.108,67.581,67.17,66.76,66.408,66.174,66.057,65.939,65.939,65.881,65.939,66.057,66.233,66.643,67.405,68.929,72.211,78.483,88.564,102.51,118.81,135.22,149.35,159.37,164.47,165.58,163.82,160.78,157.49,154.39,151.69,149.35,147.29,145.3,143.25,140.96,138.44,135.57,132.17,128.3,123.67,118.52,112.71,106.68,100.64,95.011,90.381,87.157,85.751,85.809,87.04,88.857,90.85,92.667,94.074,94.894,95.363,95.422,95.246,94.66,94.015,93.077,91.846,90.557,89.092,87.568,85.926,84.403,82.996,81.648,80.534,79.538,78.717,78.072,77.428,76.9,76.431,76.021,75.611,75.259,74.849,74.497,74.087,73.735,73.325,72.914,72.621,72.211,71.918,71.566,71.097,70.746,70.277,69.808,69.28,68.812,68.225,67.698,67.112,66.526,66.057,65.588,65.236,64.884,64.533,64.357,64.181,64.122,64.122,64.122,64.24,64.357,64.474,64.65,65.119,66.291,69.28,75.376,85.575,99.818,116.7,133.99,149.05,160.01,166.05,167.69,166.23,163.06,159.43,156.03,153.39,151.46,150.05,148.88,147.59,146.24,144.48,142.31,139.56,136.22,132.23,127.48,122.09,116.17,109.9,103.51,97.239,91.495,86.864,83.758,82.351,82.468,83.875,85.868,88.095,90.088,91.671,92.726,93.253,93.312,92.96,92.374,91.495,90.381,89.15,87.861,86.571,85.282,84.051,82.879,81.706,80.71,79.772,78.893,78.131,77.369,76.548,75.786,75.2,74.556,73.969,73.442,72.973,72.563,72.094,71.684,71.215,70.804,70.335,69.984,69.632,69.339,69.105,68.929,68.812,68.694,68.636,68.694,68.753,68.87,68.987,69.046,69.163,69.222,69.28,69.222,69.163,69.046,68.929,68.812,68.636,68.46,68.343,68.167,67.991,68.225,69.691,73.501,80.886,92.198,107.09,123.97,140.5,154.03,163.24,167.57,167.93,165.7,162.3,158.78,155.73,153.39,151.46,149.81,148.11,146.3,144.42,142.25,139.67,136.57,132.64,127.72,122.03,115.88,109.37,102.75,96.242,90.381,85.692,82.644,81.413,81.648,83.054,84.93,86.923,88.74,90.088,90.967,91.436,91.377,90.967,90.381,89.443,88.271,87.04,85.692,84.344,83.113,81.999,80.886,79.831,78.893,78.131,77.369,76.607,75.962,75.376,74.849,74.438,74.087,73.852,73.676,73.442,73.149,72.856,72.563,72.152,71.801,71.449,70.922,70.394,69.867,69.28,68.753,68.284,67.932,67.581,67.346,67.17,66.995,66.76,66.467,66.233,65.939,65.646,65.412,65.178,64.943,64.709,64.533,64.357,64.064,63.771,63.536,63.361,63.243,63.478,65.002,68.929,76.49,88.154,103.57,121.09,138.56,153.21,163.24,167.98,168.04,164.94,160.36,155.68,151.75,148.82,146.53,144.42,142.31,140.14,137.86,135.69,133.29,130.47,127.13,123.03,118.28,112.89,107.03,100.99,95.011,89.502,84.989,82.117,81.062,81.648,83.582,86.161,88.798,91.084,92.784,93.898,94.425,94.484,94.191,93.605,92.843,91.905,90.85,89.619,88.388,87.157,85.985,84.93,84.051,83.347,82.761,81.999,81.12,80.124,79.01,77.838,76.724,75.669,74.673,73.735,73.032,72.446,71.859,71.273,70.863,70.629,70.57,70.57,70.629,70.687,70.746,70.804,70.863,70.922,70.98,70.804,70.335,69.808,69.222,68.694,68.167,67.932,67.756,67.581,67.463,67.346,67.17,66.936,66.526,66.174,65.881,65.881,66.584,68.812,73.676,82.468,95.598,112.13,129.71,145.89,158.37,166.05,169.16,168.86,166.69,163.94,161.48,159.66,158.43,157.55,156.67,155.68,154.56,153.16,151.28,148.88,145.83,142.02,137.45,132.23,126.37,120.1,113.59,107.03,100.7,94.836,90.029,86.747,85.106,85.047,86.22,88.037,90.088,91.964,93.488,94.484,95.07,95.246,95.07,94.66,94.074,93.194,92.198,91.026,89.854,88.623,87.333,86.161,84.989,83.875,82.761,81.53,80.417,79.42,78.424,77.603,76.783,76.197,75.669,75.318,75.024,74.673,74.263,73.618,73.09,72.739,72.621,72.739,72.914,73.032,72.973,72.621,72.094,71.566,71.039,70.687,70.335,70.101,69.808,69.573,69.339,69.28,69.222,69.046,68.87,68.518,68.284,68.108,67.932,67.874,67.815,67.815,67.874,68.167,69.456,73.032,80.241,91.788,107.03,124.14,140.38,153.51,162.24,166.52,167.46,166.23,164.12,161.95,160.07,158.78,158.14,157.79,157.49,156.73,155.32,152.92,149.76,145.83,141.26,136.16,130.65,124.73,118.57,112.07,105.56,99.232,93.722,89.502,86.923,86.102,86.806,88.447,90.498,92.55,94.308,95.48,96.184,96.477,96.36,95.832,95.129,94.074,92.784,91.377,89.912,88.564,87.216,85.926,84.637,83.172,81.589,80.182,79.01,78.19,77.662,77.31,76.959,76.49,75.904,75.259,74.556,73.852,73.325,72.914,72.797,72.797,72.856,72.797,72.563,72.152,71.742,71.508,71.449,71.449,71.332,71.215,71.039,70.746,70.394,70.042,69.632,69.163,68.753,68.343,68.108,67.815,67.405,67.053,66.76,66.35,66.115,65.881,65.822,65.822,66.174,67.463,70.746,77.369,88.154,102.87,119.57,135.69,148.7,157.14,160.89,161.01,159.08,156.38,153.86,151.87,150.34,149.17,148,146.53,144.77,142.66,140.03,136.8,132.76,127.83,122.27,115.99,109.37,102.57,95.949,89.736,84.403,80.358,78.131,77.603,78.6,80.593,82.996,85.282,87.216,88.74,89.854,90.498,90.615,90.264,89.502,88.505,87.275,85.926,84.461,82.996,81.413,79.948,78.541,77.31,76.314,75.552,74.79,74.028,73.325,72.621,72.035,71.566,71.097,70.746,70.394,70.16,69.984,69.808,69.632,69.398,69.222,68.929,68.694,68.401,68.167,67.932,67.581,67.346,67.053,66.877,66.643,66.526,66.408,66.233,66.057,65.822,65.471,65.178,64.943,64.65,64.416,64.24,64.064,63.829,63.654,63.419,63.185,63.067,63.009,63.185,64.122,66.467,71.566,80.3,92.96,108.73,125.72,141.37,153.51,160.66,163.06,161.65,158.31,154.39,150.93,148.23,146.18,144.3,142.19,139.67,136.8,133.64,130.24,126.55,122.44,117.87,112.77,107.38,101.58,95.715,90.322,85.926,82.996,81.589,81.648,82.879,84.696,86.806,88.74,90.44,91.671,92.432,92.784,92.726,92.374,91.729,90.967,89.971,88.857,87.45,85.809,84.109,82.527,81.296,80.3,79.596,79.127,78.658,78.248,77.662,76.959,76.197,75.318,74.614,74.38,74.263,74.028,73.501,72.797,72.211,71.742,71.215,70.746,70.277,69.925,69.573,69.222,68.987,68.753,68.518,68.46,68.401,68.343,68.167,67.932,67.522,67.112,66.643,66.174,65.705,65.353,65.002,64.65,64.357,64.064,63.712,63.419,63.302,63.536,64.943,68.401,75.318,86.337,101.17,118.1,134.87,149.05,159.02,164.23,165.46,163.94,161.01,157.79,154.97,152.98,151.69,150.69,149.81,148.88,147.7,146.12,143.95,141.08,137.33,132.88,127.72,121.97,115.88,109.49,103.1,97.004,91.319,86.571,83.172,81.296,81.062,82.058,83.816,85.868,87.802,89.385,90.44,90.909,91.026,90.791,90.322,89.502,88.505,87.333,86.102,84.813,83.406,82.117,80.769,79.538,78.483,77.486,76.724,75.962,75.318,74.614,73.911,73.325,72.797,72.211,71.625,71.039,70.629,70.218,69.925,69.691,69.398,69.163,68.929,68.694,68.46,68.167,67.874,67.581,67.288,66.995,66.76,66.467,66.174,65.939,65.705,65.529,65.412,65.295,65.236,65.119,65.06,65.06,65.06,65.06,65.178,65.236,65.353,65.529,65.939,66.995,69.456,74.614,83.465,96.36,112.24,129.12,144.42,156.03,162.89,164.94,163.47,160.07,156.03,152.51,149.58,147.24,145.07,142.9,140.61,138.15,135.69,132.76,129.3,125.37,120.98,116.17,110.78,105.03,99.056,93.312,88.154,84.168,81.648,80.651,81.12,82.527,84.344,86.337,88.095,89.502,90.557,91.26,91.671,91.788,91.612,90.85,89.678,88.447,87.568,86.806,85.692,84.168,82.586,81.179,79.948,78.893,78.072,77.31,76.607,75.962,75.376,74.731,74.028,73.442,72.797,72.27,71.859,71.566,71.156,70.804,70.394,69.925,69.456,69.046,68.753,68.401,68.108,67.756,67.346,67.112,67.112,67.17,67.346,67.463,67.581,67.581,67.522,67.405,67.288,67.112,66.995,66.877,66.643,66.467,66.233,65.939,65.646,65.822,66.936,70.16,76.959,88.095,103.16,120.51,137.39,151.16,160.42,164.94,165.76,164.17,161.48,158.72,156.38,154.74,153.74,153.1,152.51,151.75,150.64,149.17,147.12,144.42,140.91,136.57,131.47,125.72,119.63,113.18,106.62,100.23,94.308,89.326,85.633,83.582,83.23,84.109,85.809,87.802,89.678,91.202,92.315,93.077,93.488,93.546,93.37,92.843,92.198,91.26,90.088,88.916,87.626,86.278,84.989,83.758,82.527,81.355,80.241,79.186,78.248,77.486,76.783,76.255,75.728,75.318,74.849,74.438,73.969,73.618,73.149,72.739,72.27,71.977,71.684,71.449,71.156,70.922,70.746,70.629,70.511,70.335,70.277,70.16,70.042,69.808,69.456,69.105,68.636,68.167,67.815,67.405,67.112,66.76,66.408,66.115,65.822,65.471,65.236,65.178,65.646,67.581,72.211,80.769,93.663,109.78,127.19,143.07,155.21,162.53,165.35,164.76,162.18,158.78,155.44,152.63,150.64,149.35,148.64,148,147.12,145.59,143.19,139.73,135.45,130.41,124.9,119.1,113.12,107.09,101.22,95.598,90.674,86.923,84.696,83.992,84.52,85.926,87.743,89.56,91.026,92.198,92.901,93.253,93.194,92.843,92.374,91.612,90.615,89.502,88.271,87.04,85.751,84.403,83.172,81.999,80.944,80.007,79.069,78.131,77.252,76.373,75.493,74.673,73.911,73.325,72.856,72.621,72.563,72.563,72.504,72.387,72.152,71.977,71.801,71.684,71.566,71.449,71.332,71.097,70.804,70.335,70.101,70.042,69.984,69.867,69.691,69.28,68.87,68.401,67.991,67.405,66.819,66.233,65.588,65.06,64.416,63.771,63.185,62.657,62.481,63.243,66.057,72.27,82.761,97.122,113.71,130.3,144.42,154.44,159.72,160.95,159.25,155.97,152.28,148.99,146.18,143.95,142.02,140.32,138.5,136.39,133.75,130.53,126.72,122.27,117.17,111.66,105.85,99.935,94.015,88.447,83.699,80.182,78.248,77.838,78.776,80.651,82.996,85.223,87.157,88.564,89.502,89.912,90.029,89.795,89.326,88.564,87.568,86.337,85.047,83.582,82.234,80.769,79.479,78.19,76.9,75.845,74.849,73.969,73.149,72.504,71.918,71.449,71.039,70.746,70.511,70.16,69.808,69.398,69.046,68.753,68.343,67.932,67.581,67.405,67.229,67.053,66.76,66.408,66.233,66.115,66.057,65.998,65.881,65.646,65.471,65.353,65.236,65.236,65.236,65.178,65.06,64.884,64.709,64.767,64.709,64.591,64.416,64.298,64.357,65.119,67.288,72.035,80.417,92.667,107.91,124.44,139.73,151.75,159.13,161.71,160.72,157.49,153.39,149.23,145.59,142.61,140.14,138.09,136.45,134.93,133.34,131.41,128.77,125.37,121.09,116.17,110.72,104.92,98.997,93.37,88.447,84.93,83.054,82.82,83.816,85.575,87.568,89.443,91.026,92.198,92.901,93.37,93.488,93.253,92.608,91.671,90.498,89.092,87.626,86.161,84.754,83.289,81.999,80.769,79.655,78.658,77.779,76.9,76.138,75.493,74.907,74.38,73.911,73.501,73.149,72.973,72.797,72.68,72.563,72.446,72.27,72.152,71.977,71.801,71.566,71.273,71.039,70.804,70.629,70.57,70.511,70.394,70.218,70.042,69.867,69.691,69.456,69.28,68.987,68.694,68.401,68.225,68.108,67.932,67.581,67.405,67.463,68.518,71.742,78.541,89.795,105.15,122.79,139.85,153.68,162.77,166.93,167.52,165.99,164,162.24,160.95,160.01,159.25,158.49,157.67,156.61,155.32,153.57,151.22,148.29,144.66,140.44,135.57,130.24,124.61,118.75,112.71,106.68,100.76,95.246,90.733,87.743,86.513,86.747,88.095,89.971,91.905,93.546,94.66,95.305,95.539,95.422,95.129,94.543,93.722,92.784,91.729,90.557,89.209,87.978,86.688,85.34,84.051,82.761,81.53,80.417,79.303,78.248,77.252,76.314,75.376,74.556,73.794,73.09,72.621,72.152,71.918,71.742,71.625,71.508,71.273,71.156,71.097,71.039,70.98,70.98,70.922,70.804,70.629,70.335,70.042,69.749,69.398,69.105,68.753,68.401,68.167,67.874,67.581,67.346,67.17,66.995,66.819,66.584,66.467,66.35,66.408,67.17,69.632,75.2,85.047,99.407,116.82,134.58,149.7,160.13,165.29,165.99,163.82,160.48,157.26,154.5,152.28,150.52,148.76,146.88,144.95,142.72,140.38,137.74,134.63,130.94,126.66,121.91,116.76,110.9,104.68,98.235,92.139,86.864,83.172,81.237,81.062,82.234,84.168,86.337,88.212,89.619,90.44,90.85,90.909,90.85,90.674,90.381,89.678,88.623,87.275,85.868,84.285,82.761,81.12,79.596,78.248,76.841,75.611,74.497,73.383,72.27,71.332,70.57,69.984,69.632,69.339,69.222,69.046,68.87,68.694,68.401,68.167,67.991,67.874,67.698,67.581,67.522,67.522,67.405,67.346,67.288,67.229,67.112,66.877,66.643,66.35,65.939,65.471,65.06,64.533,64.064,63.419,62.833,62.423,62.13,61.778,61.485,61.25,61.133,61.075,61.25,62.13,64.298,68.929,77.193,89.678,105.74,123.5,140.14,153.04,160.66,163.06,161.42,157.61,153.16,149.23,146.18,143.95,142.25,140.67,138.97,136.98,134.58,131.7,128.36,124.49,120.16,115.41,110.25,104.68,99.114,93.898,89.443,86.102,84.168,83.875,84.93,86.923,89.15,91.084,92.608,93.488,93.839,93.839,93.546,93.136,92.55,91.612,90.381,88.798,87.157,85.458,83.582,81.882,80.3,79.069,78.072,77.193,76.314,75.435,74.673,73.969,73.442,72.973,72.68,72.446,72.211,72.035,71.859,71.801,71.801,71.859,71.859,71.859,71.801,71.684,71.508,71.156,70.863,70.335,69.632,68.929,68.812,69.398,70.277,70.863,70.922,70.804,70.57,70.218,69.867,69.573,69.339,69.222,68.987,68.694,68.401,68.284,68.46,69.749,73.383,80.651,92.432,107.96,125.37,141.73,154.74,163.12,166.93,167.34,166.05,164.06,162.24,160.72,159.54,158.55,157.55,156.55,155.44,154.09,152.45,150.17,147.18,143.43,138.91,133.7,127.72,121.39,114.65,107.85,101.22,95.129,90.029,86.571,84.871,84.871,85.985,87.802,89.854,91.671,93.077,94.015,94.308,94.191,93.605,92.667,91.612,90.498,89.209,87.919,86.63,85.223,83.816,82.234,80.71,79.303,78.131,77.193,76.314,75.376,74.497,73.559,72.68,71.977,71.508,70.98,70.629,70.218,69.925,69.691,69.456,69.28,69.105,68.87,68.636,68.401,68.167,67.991,67.874,67.698,67.405,67.229,67.112,66.995,66.643,66.115,65.412,65.002,64.65,64.474,64.357,64.181,63.947,63.654,63.419,63.126,62.774,62.54,62.423,62.54,63.302,65.471,70.218,78.717,91.202,106.79,123.67,139.21,151.05,158.08,160.25,158.67,154.97,150.4,145.95,142.08,138.91,136.51,134.52,132.64,130.53,128.13,125.26,121.8,117.87,113.36,108.43,103.1,97.473,91.905,86.63,82.058,78.717,77.135,77.193,78.658,81.12,83.992,86.806,89.385,91.436,92.901,94.015,94.484,94.543,94.249,93.546,92.55,91.319,89.912,88.447,86.864,85.223,83.758,82.292,80.944,79.538,78.248,76.959,75.786,74.79,73.852,73.09,72.563,72.035,71.684,71.332,71.097,70.98,70.863,70.863,70.863,70.804,70.746,70.629,70.511,70.335,70.16,69.867,69.573,69.163,68.753,68.284,67.815,67.346,66.877,66.467,66.115,65.881,65.588,65.412,65.295,65.119,65.002,64.767,64.65,64.767,65.646,68.343,74.263,84.344,98.763,116.05,133.64,148.76,159.37,165.05,166.52,165.11,162.36,159.37,156.85,155.03,153.8,152.69,151.34,149.7,147.47,144.72,141.73,138.74,135.75,132.41,128.66,124.49,119.69,114.24,108.26,101.87,95.656,90.381,86.395,84.285,83.875,84.696,86.278,88.154,90.029,91.495,92.432,92.901,93.077,92.843,92.55,92.139,91.553,90.791,89.912,88.857,87.568,86.102,84.403,82.761,81.237,80.124,79.186,78.424,77.662,76.9,76.197,75.435,74.79,74.263,73.735,73.383,73.032,72.739,72.446,72.152,71.918,71.801,71.684,71.684,71.566,71.508,71.332,71.215,71.039,70.863,70.687,70.511,70.218,69.984,69.691,69.339,69.046,68.694,68.225,67.932,67.581,67.405,67.229,67.112,67.053,66.936,66.877,66.819,66.877,67.698,70.277,76.138,86.22,100.52,117.46,134.4,148.64,158.31,163.06,163.94,162.3,159.78,157.32,155.21,153.57,152.16,150.93,149.4,147.59,145.36,142.61,139.44,135.86,131.88,127.42,122.5,116.99,111.13,104.92,98.645,92.608,87.275,83.172,80.651,79.831,80.475,81.999,83.875,85.809,87.509,88.681,89.443,89.736,89.678,89.385,88.74,87.919,86.981,85.868,84.696,83.406,82.117,80.769,79.479,78.248,77.076,75.845,74.79,73.852,72.973,72.27,71.684,71.097,70.57,70.042,69.632,69.222,68.929,68.636,68.343,68.225,68.05,67.932,67.815,67.698,67.463,67.229,66.877,66.467,66.174,65.881,65.588,65.412,65.178,64.709,64.298,63.829,63.419,63.009,62.657,62.423,62.305,62.247,62.247,62.13,61.895,61.719,61.544,61.426,61.368,61.544,62.481,64.884,69.984,78.776,91.495,107.03,123.61,138.74,150.28,157.2,159.43,158.02,154.33,149.76,145.36,141.67,138.8,136.63,134.81,132.99,131,128.48,125.37,121.68,117.34,112.54,107.32,101.87,96.301,90.85,85.868,81.824,79.01,77.779,78.131,79.479,81.589,84.051,86.395,88.505,90.147,91.319,92.022,92.315,92.139,91.553,90.674,89.502,88.154,86.806,85.34,83.934,82.468,81.179,79.948,78.834,77.838,76.959,76.255,75.728,75.493,75.259,74.966,74.673,74.438,74.145,73.852,73.559,73.09,72.621,72.094,71.625,71.097,70.746,70.335,70.101,69.925,69.691,69.456,69.339,69.222,69.105,69.046,68.812,68.518,68.167,67.932,67.756,67.463,67.17,66.877,66.408,65.998,65.588,65.412,65.353,65.353,65.705,67.053,70.57,77.428,88.505,103.45,120.45,136.98,150.64,159.78,164.35,165.29,163.88,161.36,158.72,156.5,154.8,153.57,152.57,151.63,150.58,149.05,147.06,144.54,141.43,137.86,133.7,128.95,123.56,117.69,111.48,105.09,98.821,92.96,88.095,84.696,82.937,82.82,83.875,85.633,87.509,89.209,90.557,91.377,91.612,91.436,90.967,90.322,89.502,88.447,87.157,85.751,84.285,82.879,81.413,80.124,78.834,77.721,76.724,75.786,74.966,74.263,73.559,72.973,72.446,72.035,71.625,71.215,70.863,70.511,70.101,69.691,69.28,68.929,68.518,68.284,68.05,67.756,67.405,67.112,66.819,66.584,66.467,66.233,65.588,64.884,64.357,64.181,64.181,64.181,64.005,63.654,63.361,63.185,63.067,62.892,62.774,62.657,62.599,62.54,62.54,62.54,62.716,63.419,65.295,69.339,76.841,88.271,103.04,119.51,135.28,148.06,156.26,159.54,158.9,155.68,151.34,147.06,143.31,140.32,137.97,136.1,134.28,132.35,130.06,127.42,124.44,121.04,117.23,112.95,108.2,102.98,97.59,92.257,87.333,83.347,80.71,79.714,80.065,81.355,83.347,85.692,87.802,89.502,90.674,91.436,91.729,91.788,91.495,90.909,89.971,88.857,87.509,85.985,84.461,82.996,81.53,80.182,78.834,77.662,76.548,75.493,74.614,73.969,73.442,72.914,72.504,72.094,71.859,71.801,71.801,71.859,71.918,71.918,71.859,71.742,71.801,71.977,72.211,72.211,72.035,71.684,71.332,71.097,70.922,70.804,70.687,70.511,70.16,69.749,69.28,68.929,68.518,68.167,67.874,67.522,67.229,66.936,66.526,66.291,66.35,67.405,70.394,76.724,87.216,101.4,117.81,133.87,147.35,156.61,161.42,162.59,161.6,159.66,157.79,156.5,155.56,154.74,153.8,152.63,151.22,149.7,147.82,145.54,142.9,139.67,135.92,131.59,126.72,121.39,115.53,109.43,103.22,97.18,91.495,86.747,83.289,81.589,81.413,82.41,84.109,86.102,87.978,89.443,90.44,90.909,91.026,90.733,90.088,89.209,88.154,86.981,85.692,84.285,82.937,81.53,80.241,78.893,77.662,76.49,75.376,74.38,73.559,72.914,72.387,71.801,71.215,70.746,70.277,69.925,69.573,69.163,68.812,68.518,68.343,68.167,68.05,67.874,67.581,67.229,66.995,66.76,66.408,66.174,65.822,65.471,65.236,65.002,64.709,64.474,64.24,63.947,63.595,63.361,63.126,62.833,62.657,62.54,62.364,62.188,61.895,61.719,61.544,61.719,62.716,65.529,71.449,81.12,94.601,110.66,127.19,141.9,152.75,158.67,160.01,157.9,154.03,149.7,145.65,142.37,139.67,137.51,135.57,133.64,131.7,129.48,126.9,123.85,120.16,115.94,111.19,106.03,100.64,95.187,89.971,85.34,81.941,80.007,79.479,80.3,81.882,83.934,85.985,87.802,89.15,90.147,90.674,90.85,90.733,90.322,89.678,88.74,87.626,86.337,85.106,83.875,82.586,81.355,80.182,79.127,78.19,77.31,76.548,75.786,75.259,74.556,73.794,73.09,72.563,72.094,71.801,71.566,71.332,71.156,70.922,70.746,70.511,70.218,70.101,69.984,69.925,69.808,69.691,69.573,69.339,69.163,69.046,68.87,68.753,68.518,68.343,68.108,67.874,67.698,67.346,67.112,66.819,66.467,66.174,65.939,65.705,66.174,67.991,72.621,81.237,94.308,110.72,128.24,144.01,155.79,162.65,165.23,164.88,163.18,161.13,159.31,157.84,156.79,156.03,155.38,154.5,153.16,151.51,149.35,146.83,143.72,140.32,136.39,131.94,127.01,121.56,115.82,109.78,103.8,98.059,93.194,89.619,87.626,87.04,87.685,89.092,90.791,92.374,93.663,94.484,94.777,94.718,94.367,93.722,92.901,91.905,90.791,89.56,88.095,86.747,85.34,83.992,82.761,81.53,80.417,79.362,78.365,77.486,76.607,75.786,75.083,74.497,73.911,73.501,73.09,72.797,72.563,72.27,72.094,71.859,71.684,71.508,71.332,71.215,71.097,70.98,70.804,70.629,70.277,69.925,69.573,69.105,68.636,68.108,67.522,66.995,66.35,65.705,65.06,64.357,63.595,62.774,62.012,61.133,60.43,59.785,59.258,58.789,58.789,59.609,62.188,67.698,77.31,91.319,108.38,126.19,142.02,153.74,160.42,162.42,160.95,157.43,153.04,148.82,145.18,142.37,140.32,138.91,137.8,136.57,134.93,132.64,129.48,125.55,120.98,115.99,110.6,105.03,99.349,93.663,88.212,83.406,79.772,77.721,77.31,78.131,79.596,81.472,83.406,85.164,86.571,87.509,87.978,88.095,87.978,87.626,86.923,86.044,84.871,83.523,82.117,80.593,79.186,77.897,76.724,75.669,74.673,73.852,73.09,72.387,71.566,70.746,70.042,69.456,68.929,68.401,67.932,67.405,66.995,66.584,66.291,66.057,65.939,65.822,65.646,65.588,65.646,65.646,65.822,65.939,66.174,66.467,66.877,67.229,67.581,67.932,68.108,68.225,68.225,68.225,68.167,68.108,68.05,67.991,67.874,67.756,67.581,67.463,67.522,68.108,69.984,74.263,81.999,93.605,108.32,124.2,138.74,149.99,156.79,159.43,158.84,156.5,153.33,150.11,147.29,145.01,143.07,141.37,139.67,137.97,136.22,134.11,131.47,128.13,123.91,118.93,113.36,107.38,101.28,95.422,90.322,86.278,83.816,82.879,83.289,84.696,86.63,88.564,90.264,91.553,92.432,93.077,93.253,93.253,92.843,92.198,91.202,89.971,88.623,87.099,85.633,84.109,82.761,81.472,80.358,79.362,78.424,77.603,76.9,76.255,75.611,75.083,74.614,74.321,73.911,73.618,73.325,73.032,72.797,72.621,72.387,72.152,72.035,71.918,71.801,71.625,71.449,71.215,71.039,70.863,70.629,70.335,70.042,69.749,69.28,68.812,68.225,67.756,67.17,66.76,66.291,65.939,65.588,65.295,64.943,64.474,64.064,63.536,63.185,63.243,64.357,67.874,75.024,86.63,101.99,119.22,135.81,149.17,157.9,161.89,162.06,160.01,157.08,153.92,151.16,148.94,147.24,146.06,145.18,144.36,143.31,141.73,139.5,136.39,132.35,127.6,122.27,116.46,110.43,104.21,98.059,92.139,86.806,82.527,79.655,78.307,78.424,79.831,82.117,84.52,86.747,88.564,89.736,90.381,90.44,90.029,89.443,88.564,87.45,86.102,84.696,83.23,81.706,80.3,78.893,77.721,76.724,75.728,74.731,73.794,72.856,72.094,71.449,70.804,70.218,69.749,69.28,68.87,68.401,68.108,67.815,67.463,67.17,66.936,66.584,66.408,66.174,65.939,65.646,65.471,65.295,65.178,65.06,64.943,64.709,64.533,64.357,64.181,64.064,64.005,63.947,64.005,64.064,64.24,64.416,64.591,64.767,65.002,65.119,65.353,65.705,66.526,68.518,72.68,80.182,91.612,106.56,123.09,138.68,150.81,158.2,160.66,159.43,155.85,151.57,147.53,144.36,142.08,140.2,138.5,136.63,134.52,132,129.12,125.9,122.38,118.34,113.94,108.96,103.57,97.825,92.022,86.864,82.527,79.714,78.6,79.069,80.593,82.879,85.164,87.275,89.033,90.264,91.026,91.436,91.553,91.319,90.733,89.912,88.798,87.509,86.044,84.52,83.113,81.706,80.475,79.362,78.365,77.428,76.548,75.786,75.083,74.438,73.911,73.442,73.032,72.739,72.446,72.094,71.801,71.566,71.273,71.039,70.804,70.629,70.394,70.218,70.042,69.867,69.691,69.456,69.222,68.987,68.753,68.401,68.167,67.932,67.698,67.346,67.053,66.76,66.408,66.174,65.939,65.705,65.529,65.471,65.353,65.236,65.236,65.588,67.17,71.332,79.596,92.432,108.9,126.84,143.37,155.79,163.18,165.82,165.17,162.83,160.01,157.49,155.56,154.33,153.57,153.04,152.63,151.98,150.99,149.46,147.41,144.72,141.26,136.92,131.94,126.25,119.98,113.47,106.91,100.64,94.836,90.088,86.688,84.871,84.696,85.692,87.333,89.385,91.26,92.726,93.722,94.308,94.425,94.191,93.605,92.843,91.788,90.557,89.15,87.685,86.22,84.754,83.23,81.882,80.651,79.596,78.6,77.721,76.841,76.138,75.376,74.556,73.794,73.032,72.27,71.566,70.804,70.101,69.398,68.812,68.225,67.815,67.346,66.995,66.643,66.291,66.057,65.881,65.646,65.471,65.295,65.06,64.709,64.357,64.005,63.536,63.185,62.716,62.364,62.012,61.719,61.485,61.25,60.957,60.664,60.371,59.961,59.727,59.433,59.375,59.668,61.133,64.709,71.742,82.937,97.708,114.59,131.12,145.07,154.56,159.13,159.43,156.85,152.86,148.53,144.54,141.26,138.68,136.57,134.69,132.82,130.53,127.78,124.44,120.45,115.82,110.66,105.15,99.349,93.546,87.919,82.82,78.6,75.845,74.731,75.259,76.841,79.186,81.589,83.875,85.692,86.981,87.802,88.095,88.037,87.685,87.04,86.161,85.047,83.816,82.41,80.944,79.479,78.131,76.841,75.786,74.907,74.263,73.618,73.032,72.446,71.801,71.156,70.629,70.277,70.042,69.808,69.691,69.398,69.222,69.046,68.929,68.87,68.87,68.929,69.046,69.222,69.456,69.867,70.16,70.335,70.277,70.16,70.101,70.042,69.984,69.808,69.339,68.694,67.991,67.346,66.819,66.057,65.178,64.357,63.654,63.185,62.716,62.54,62.892,64.767,69.222,77.603,90.498,106.97,124.96,141.73,154.91,163.18,166.4,165.76,162.65,158.61,154.56,150.93,148.11,146.12,144.89,143.84,142.72,141.08,138.68,135.63,131.88,127.6,122.91,117.87,112.48,106.85,101.22,95.598,90.44,86.161,83.289,81.999,82.117,83.347,85.164,87.157,88.974,90.381,91.319,91.788,91.905,91.671,91.202,90.381,89.385,88.037,86.688,85.164,83.699,82.234,80.944,79.655,78.541,77.545,76.607,75.728,74.907,74.263,73.618,73.09,72.68,72.211,71.859,71.508,71.097,70.804,70.394,70.101,69.925,69.925,69.984,69.984,69.925,69.925,69.867,69.632,69.339,69.046,68.812,68.518,68.167,67.874,67.463,67.17,66.819,66.35,65.998,65.529,65.06,64.533,64.181,63.947,63.595,63.361,63.067,62.774,62.716,63.302,65.353,70.218,79.186,92.667,109.66,127.95,144.66,157.43,165.11,167.98,167.28,164.41,160.54,156.67,153.21,150.52,148.41,146.88,145.54,144.42,143.13,141.26,138.74,135.51,131.47,126.6,120.98,115,108.79,102.69,96.653,91.202,86.513,83.172,81.472,81.413,82.586,84.403,86.395,88.388,89.971,91.26,91.905,92.257,92.198,91.788,91.084,90.147,89.033,87.802,86.278,84.813,83.23,81.706,80.358,79.186,78.072,77.135,76.255,75.493,74.79,74.263,73.676,73.207,72.856,72.446,72.035,71.684,71.332,70.98,70.687,70.335,70.042,69.867,69.691,69.456,69.339,69.163,69.046,68.87,68.636,68.343,68.108,67.874,67.522,67.229,66.936,66.526,66.174,65.705,65.295,64.943,64.65,64.474,64.416,64.298,64.298,64.357,64.591,65.295,66.995,70.922,78.424,90.147,105.68,122.79,138.85,151.46,159.25,162.3,161.95,159.49,156.5,153.74,151.57,149.99,148.82,147.59,146.24,144.6,142.61,140.2,137.04,133.23,128.6,123.44,117.69,111.54,105.15,98.88,92.784,87.333,83.113,80.3,79.245,79.596,81.12,83.054,85.047,86.806,88.154,89.033,89.502,89.502,89.092,88.505,87.685,86.688,85.575,84.285,82.996,81.706,80.475,79.186,77.779,76.255,74.731,73.735,73.149,72.621,71.801,70.804,69.867,69.163,68.753,68.401,68.401,68.812,69.339,69.808,69.808,69.456,68.987,68.343,67.288,66.174,65.412,65.06,64.65,64.181,63.947,64.357,64.943,65.06,64.591,63.712,62.423,61.25,60.723,61.309,62.13,62.423,62.071,61.309,60.664,60.313,59.902,59.609,59.492,59.609,59.785,59.961,60.84,63.654,70.042,80.651,95.305,112.36,129.59,144.42,154.62,159.49,159.6,156.55,151.75,146.53,141.84,138.09,135.16,132.76,130.59,128.6,126.31,123.56,120.45,116.93,113.01,108.67,103.86,98.587,93.136,87.509,82.351,78.541,76.431,76.197,77.428,79.538,82.058,84.461,86.513,88.095,89.209,89.912,90.264,90.088,89.736,88.974,87.978,86.806,85.633,84.461,83.347,82.292,81.179,80.241,79.303,78.424,77.486,76.666,75.786,74.966,74.087,73.383,72.68,72.035,71.566,71.156,70.804,70.511,70.218,69.984,69.867,69.749,69.632,69.573,69.456,69.398,69.339,69.339,69.28,69.28,69.222,69.105,68.987,68.87,68.753,68.46,68.167,67.874,67.581,67.346,67.053,66.819,66.408,66.057,65.529,65.119,64.709,64.65,65.471,68.167,74.145,84.461,98.821,115.7,132.64,147.06,157.32,162.94,164.53,163.35,160.54,157.38,154.62,152.86,152.1,151.81,151.46,150.52,148.47,145.54,142.08,138.5,135.04,131.53,127.66,123.44,118.63,113.06,106.68,99.935,93.663,88.74,85.633,84.168,83.758,83.465,83.113,82.761,82.879,84.109,86.337,88.916,90.791,91.612,91.553,90.85,90.088,89.678,89.854,89.912,89.033,86.688,83.172,79.362,76.49,75.259,75.611,76.724,77.428,77.252,76.314,74.614,72.387,70.042,68.343,67.522,67.463,67.581,67.463,67.112,66.819,66.819,67.112,67.581,68.05,68.518,69.105,69.456,69.339,68.87,68.108,67.288,66.584,66.057,65.646,65.295,65.002,64.65,64.357,64.122,63.829,63.536,63.185,62.657,62.247,61.719,61.309,60.899,60.664,60.664,61.075,62.364,65.705,72.211,82.879,97.297,114.06,130.82,145.24,155.56,161.19,162.36,160.25,156.2,151.34,146.94,143.19,140.38,138.09,136.16,134.22,132.23,130.06,127.54,124.38,120.51,115.94,110.84,105.5,99.935,94.367,88.916,83.992,80.007,77.486,76.666,77.428,79.303,81.706,84.227,86.571,88.388,89.736,90.733,91.377,91.436,91.084,90.557,89.795,88.857,87.743,86.278,84.461,82.292,80.182,78.717,78.19,78.131,78.014,77.545,76.548,75.083,73.735,72.914,72.563,72.446,72.152,71.742,71.156,70.629,70.218,70.042,69.984,70.042,70.16,70.16,70.101,69.984,69.925,69.925,69.984,70.042,70.042,70.042,69.925,69.749,69.573,69.222,68.87,68.46,68.167,67.932,67.581,67.288,66.877,66.467,66.174,65.998,66.115,67.112,70.101,76.49,87.157,101.87,118.81,135.57,149.58,159.19,164.17,165.41,164.29,162.18,159.95,158.2,156.97,156.26,155.79,155.38,154.62,153.51,151.87,149.87,147.35,144.36,140.67,136.22,131,125.08,118.63,111.95,105.33,98.88,93.077,88.447,85.34,84.051,84.227,85.575,87.45,89.502,91.319,92.726,93.722,94.367,94.484,94.249,93.722,92.96,91.964,90.85,89.502,87.978,86.513,85.106,83.934,82.82,81.589,80.358,79.186,78.072,77.076,76.197,75.318,74.438,73.676,72.973,72.387,71.801,71.332,70.98,70.629,70.335,70.101,69.808,69.456,69.163,68.87,68.46,68.108,67.698,67.288,66.995,66.584,66.174,65.705,65.236,64.709,64.181,63.654,63.126,62.599,62.188,61.837,61.602,61.368,61.075,60.664,60.313,59.961,59.727,59.785,60.371,62.071,66.174,73.969,86.044,101.75,119.16,135.75,148.99,157.49,161.07,160.66,158.02,154.15,150.22,146.65,143.6,141.14,139.09,137.33,135.51,133.58,131.29,128.54,125.2,121.04,116.29,111.01,105.15,99.173,93.077,87.216,82.117,78.248,75.904,75.376,76.373,78.365,80.886,83.406,85.633,87.216,88.212,88.798,88.857,88.564,88.037,87.216,86.22,85.047,83.758,82.292,80.944,79.479,78.131,76.841,75.728,74.849,74.145,73.501,72.914,72.446,71.918,71.566,71.215,70.922,70.629,70.335,70.101,69.925,69.749,69.456,69.28,69.105,68.987,68.929,68.987,69.105,69.28,69.398,69.573,69.749,69.808,69.867,69.867,69.867,69.691,69.456,69.163,68.87,68.401,67.991,67.522,67.112,66.643,66.35,66.057,65.705,65.588,66.057,67.815,72.094,80.3,92.726,108.61,125.9,142.02,154.62,162.47,165.7,165.29,162.59,158.9,155.27,152.1,149.87,148.35,147.41,146.41,145.01,143.02,140.2,136.74,132.76,128.3,123.5,118.34,113.06,107.44,101.69,96.066,90.909,86.981,84.52,83.816,84.403,85.926,87.861,89.736,91.319,92.491,93.253,93.546,93.546,93.253,92.667,91.964,91.026,89.912,88.681,87.333,86.161,85.164,84.344,83.172,81.413,79.538,78.131,77.31,77.193,77.31,77.193,76.666,75.904,75.376,74.907,74.556,74.145,73.735,73.325,72.914,72.621,72.446,72.27,72.094,71.918,71.742,71.508,71.273,71.097,70.863,70.629,70.394,70.218,70.042,69.867,69.632,69.28,68.87,68.401,67.991,67.581,67.288,67.053,66.877,66.643,66.408,66.233,66.174,66.526,68.284,72.563,80.769,93.605,110.25,128.24,144.95,157.61,165.11,167.75,167.05,164.64,161.65,158.9,156.73,155.03,153.8,152.86,151.98,150.81,149.11,146.83,143.84,140.38,136.27,131.7,126.55,120.98,115,108.73,102.28,96.184,90.733,86.571,83.934,82.879,83.172,84.403,86.102,87.861,89.502,90.674,91.436,91.729,91.729,91.495,90.909,90.029,88.916,87.743,86.513,85.223,83.992,82.644,81.355,80.065,78.717,77.603,76.548,75.669,74.79,74.028,73.383,72.739,72.152,71.742,71.332,71.039,70.863,70.629,70.394,70.16,69.867,69.632,69.398,69.163,68.987,68.753,68.343,68.05,67.698,67.288,66.936,66.526,66.174,65.881,65.529,65.178,64.709,64.357,64.064,63.771,63.536,63.361,63.126,62.833,62.599,62.305,62.012,61.602,61.368,61.368,61.837,63.654,67.932,75.786,87.802,103.33,120.57,136.86,149.93,158.14,161.19,160.01,156.32,151.63,147.06,143.31,140.44,138.15,136.16,134.05,131.7,128.95,125.78,122.33,118.52,114.3,109.61,104.62,99.29,93.839,88.564,83.758,80.007,77.721,77.135,78.014,79.948,82.41,85.047,87.333,89.209,90.615,91.553,92.139,92.257,91.905,91.084,89.971,88.623,87.099,85.575,83.934,82.351,80.886,79.538,78.307,77.193,76.197,75.318,74.556,73.969,73.501,73.09,72.797,72.563,72.27,72.035,71.859,71.742,71.684,71.684,71.684,71.684,71.625,71.449,71.273,71.097,70.98,70.863,70.746,70.57,70.335,70.16,69.925,69.691,69.28,68.987,68.636,68.284,67.991,67.698,67.405,67.17,66.936,66.76,66.526,66.408,66.467,67.053,68.987,73.676,82.41,95.656,112.3,130,146,157.9,164.94,167.46,166.93,165.05,163,161.36,160.19,159.43,158.67,157.9,156.97,155.79,154.44,152.75,150.64,148,144.66,140.67,135.86,130.24,124.02,117.58,110.78,104.1,97.825,92.374,88.271,85.985,85.399,86.278,88.095,90.381,92.55,94.367,95.656,96.477,96.711,96.535,96.008,95.129,94.015,92.726,91.377,89.971,88.564,87.157,85.809,84.52,83.347,82.292,81.296,80.417,79.655,78.893,78.19,77.486,76.783,76.021,75.318,74.556,73.794,73.032,72.387,71.684,71.039,70.511,69.984,69.573,69.163,68.87,68.694,68.518,68.401,68.401,68.343,68.284,68.284,68.284,68.284,68.225,68.108,67.932,67.756,67.405,67.17,66.877,66.643,66.467,66.291,66.115,65.881,65.646,65.588,65.939,67.112,70.511,77.428,88.974,104.86,123.03,140.67,154.86,163.82,167.34,166.64,163.53,159.78,156.38,153.57,151.28,149.46,147.88,146.36,144.66,142.72,140.5,137.86,134.63,130.82,126.25,121.09,115.35,109.31,103.04,96.887,91.26,86.688,83.758,82.468,82.82,84.227,86.22,88.447,90.322,91.729,92.608,93.077,93.136,92.843,92.315,91.553,90.498,89.385,88.212,86.981,85.751,84.344,83.054,81.882,80.769,79.948,79.127,78.424,77.721,77.076,76.373,75.669,75.2,74.731,74.497,74.263,74.028,73.852,73.676,73.442,73.207,72.973,72.68,72.387,72.035,71.684,71.273,70.98,70.687,70.335,70.042,69.749,69.398,69.105,68.812,68.401,68.108,67.756,67.346,66.995,66.584,66.291,66.057,65.939,65.881,65.822,65.822,65.705,65.822,66.291,68.108,72.446,80.651,93.312,109.37,126.49,142.08,153.74,160.42,162.42,161.19,158.25,154.86,151.69,148.99,146.65,144.89,143.31,141.84,140.32,138.44,136.04,133.05,129.36,124.9,119.75,114.06,107.96,101.69,95.363,89.443,84.227,80.417,78.365,78.014,79.127,81.179,83.582,85.985,87.978,89.502,90.44,90.909,91.026,90.733,90.088,89.209,88.037,86.688,85.164,83.523,82.058,80.534,79.245,77.897,76.783,75.786,74.849,73.911,72.973,72.094,71.449,70.863,70.335,69.925,69.456,69.105,68.812,68.46,68.284,68.05,67.874,67.698,67.463,67.288,67.17,66.995,66.643,66.35,66.115,65.881,65.588,65.353,65.119,64.943,64.65,64.474,64.24,63.947,63.536,63.243,62.833,62.54,62.305,62.071,61.837,61.602,61.309,60.957,60.664,60.606,60.957,62.13,65.002,70.804,80.534,94.367,111.01,128.3,143.72,154.97,161.07,162.18,159.6,155.21,150.28,145.95,142.31,139.44,136.98,134.69,132.17,129.48,126.49,123.2,119.51,115.35,110.9,106.03,100.81,95.363,89.971,84.989,80.886,78.19,77.193,77.662,79.362,81.648,84.227,86.63,88.564,89.971,90.85,91.377,91.436,91.084,90.498,89.56,88.447,87.099,85.751,84.344,82.937,81.589,80.3,79.069,78.014,77.135,76.255,75.493,74.79,74.145,73.559,73.032,72.621,72.211,71.977,71.859,71.684,71.508,71.215,71.039,70.922,70.863,70.804,70.687,70.57,70.394,70.335,70.218,70.16,70.042,69.925,69.808,69.632,69.339,69.046,68.753,68.401,68.167,67.932,67.698,67.346,67.053,66.76,66.408,66.233,66.057,66.115,66.76,68.812,73.676,82.527,95.949,112.48,130.12,145.95,157.79,164.76,167.11,166.28,163.82,160.89,158.31,156.5,155.32,154.68,154.15,153.68,152.8,151.34,149.29,146.65,143.54,139.97,135.92,131.29,126.19,120.45,114.12,107.44,100.87,94.66,89.56,85.985,84.227,84.168,85.399,87.45,89.619,91.553,93.194,94.249,94.777,95.011,94.777,94.367,93.663,92.667,91.553,90.322,88.974,87.626,86.22,84.93,83.699,82.527,81.472,80.475,79.538,78.717,77.897,77.193,76.431,75.786,75.318,74.79,74.38,73.969,73.676,73.383,73.032,72.739,72.446,72.152,71.977,71.801,71.566,71.273,70.98,70.629,70.16,69.808,69.398,69.046,68.694,68.284,67.874,67.405,66.995,66.467,66.057,65.646,65.353,65.06,64.884,64.591,64.416,64.181,63.947,63.654,63.536,64.005,65.939,70.687,79.42,92.608,109.14,126.6,142.43,154.33,161.19,163.35,162.01,158.72,154.8,151.1,148.11,145.89,144.25,142.84,141.55,139.97,138.09,135.92,133.29,130.12,126.25,121.68,116.46,110.72,104.57,98.235,92.022,86.22,81.355,77.897,76.314,76.373,77.721,79.948,82.351,84.637,86.395,87.743,88.681,89.092,89.209,88.916,88.271,87.45,86.22,84.93,83.465,82.058,80.593,79.245,77.838,76.548,75.318,74.263,73.325,72.563,71.859,71.215,70.687,70.16,69.691,69.28,68.929,68.694,68.401,68.167,67.991,67.756,67.522,67.346,67.112,66.819,66.467,66.233,65.998,65.822,65.588,65.412,65.236,65.06,64.767,64.474,64.181,63.829,63.478,63.126,62.833,62.657,62.423,62.247,61.895,61.719,61.544,61.485,61.485,61.485,61.602,61.895,63.009,65.588,71.097,80.534,94.132,110.66,128.07,143.6,155.09,161.36,162.77,160.36,155.97,150.99,146.36,142.61,139.62,137.15,134.99,132.93,130.88,128.71,126.37,123.67,120.45,116.64,112.13,106.97,101.46,95.773,90.381,85.692,82.234,80.358,80.065,81.003,82.82,84.989,87.157,89.092,90.557,91.436,91.905,92.022,91.905,91.436,90.674,89.678,88.505,87.04,85.633,84.109,82.644,81.355,80.182,79.127,78.19,77.369,76.607,75.904,75.259,74.614,74.087,73.676,73.325,72.973,72.68,72.504,72.211,72.094,71.918,71.859,71.742,71.625,71.508,71.449,71.449,71.508,71.449,71.215,70.98,70.687,70.394,70.16,69.925,69.749,69.456,69.163,68.812,68.401,68.167,67.874,67.581,67.405,67.229,66.995,66.877,66.76,66.936,68.225,71.859,79.127,90.791,106.44,124.02,140.79,154.09,162.53,166.17,166.23,164.29,161.65,159.43,158.14,157.79,158.08,158.43,158.37,157.73,156.32,154.15,151.57,148.41,145.01,140.96,136.45,131.29,125.55,119.34,112.89,106.32,99.994,94.308,89.912,87.216,86.337,86.864,88.271,90.264,92.198,93.839,95.07,95.715,96.008,95.832,95.422,94.66,93.605,92.374,90.909,89.443,87.861,86.278,84.754,83.23,81.882,80.593,79.42,78.365,77.428,76.548,75.669,74.849,74.087,73.442,72.914,72.446,71.977,71.566,71.097,70.629,70.042,69.573,69.046,68.518,68.108,67.756,67.346,67.112,66.819,66.526,66.291,66.057,65.705,65.412,65.119,64.767,64.533,64.24,63.947,63.536,63.243,63.009,62.716,62.54,62.364,62.13,61.895,61.719,61.544,61.368,61.309,61.661,63.185,66.936,74.263,85.751,100.87,117.99,134.69,148.41,157.55,161.6,161.36,158.2,153.51,148.64,144.3,140.85,138.38,136.57,135.04,133.58,131.76,129.3,126.13,122.27,117.75,112.65,107.26,101.46,95.598,89.854,84.52,80.007,76.666,75.024,74.966,76.373,78.541,81.062,83.347,85.223,86.63,87.568,88.095,88.271,88.095,87.568,86.688,85.575,84.285,82.937,81.472,80.124,78.717,77.486,76.314,75.259,74.321,73.559,72.914,72.211,71.625,70.98,70.511,70.042,69.808,69.573,69.398,69.28,69.222,69.163,69.163,69.222,69.28,69.339,69.456,69.632,69.691,69.691,69.691,69.632,69.632,69.456,69.339,69.222,68.987,68.753,68.401,68.108,67.815,67.405,67.053,66.643,66.35,66.174,65.939,65.588,65.295,65.119,65.06,65.705,67.991,73.09,82.234,95.539,112.07,129.42,145.07,156.85,163.76,166.11,165.17,162.36,158.84,155.44,152.45,150.11,148.29,146.77,145.07,143.31,141.32,139.21,136.63,133.46,129.59,125.08,119.75,113.88,107.67,101.4,95.363,89.971,85.751,83.23,82.527,83.289,84.989,87.099,89.326,91.26,92.726,93.839,94.484,94.66,94.308,93.663,92.96,92.374,91.436,90.147,88.623,86.923,85.282,83.934,82.761,81.706,80.769,79.831,78.893,78.19,77.545,77.135,76.666,76.255,75.845,75.493,75.259,74.966,74.849,74.731,74.497,73.969,73.325,72.914,72.973,73.207,73.559,73.735,73.852,73.794,73.618,73.559,73.442,73.09,72.68,72.094,71.566,70.863,70.101,69.339,68.694,68.108,67.581,67.112,66.584,66.174,65.822,65.588,65.471,65.471,65.881,66.995,70.101,76.666,87.626,102.57,119.8,136.63,150.4,159.66,164,164.47,162.59,159.95,157.38,155.56,154.39,153.68,152.92,151.92,150.34,148.29,145.83,142.9,139.73,136.22,132.29,127.66,122.5,116.7,110.43,104.04,97.59,91.553,86.337,82.468,80.3,79.831,80.886,82.879,85.223,87.45,89.092,90.322,90.85,90.791,90.44,90.029,89.795,89.502,88.681,87.275,85.575,83.816,82.175,80.593,79.186,77.897,76.841,75.845,74.907,74.028,73.207,72.446,71.684,71.156,70.804,70.57,70.277,70.101,69.867,69.573,69.222,68.812,68.343,68.05,67.815,67.522,67.288,67.053,66.819,66.526,66.291,66.174,65.998,65.822,65.529,65.236,64.943,64.591,64.357,64.122,63.829,63.536,63.243,63.009,62.716,62.54,62.364,62.188,61.895,61.661,61.426,61.192,61.485,63.067,67.229,75.083,87.099,102.63,119.86,136.63,150.22,159.02,162.53,161.65,158.02,153.1,148.29,144.25,140.91,138.33,136.16,134.28,132.52,130.82,128.77,126.43,123.44,119.75,115.41,110.49,105.03,99.466,94.074,89.15,85.282,82.82,81.941,82.351,83.816,85.751,87.685,89.385,90.557,91.26,91.671,91.905,91.964,91.671,90.967,89.971,88.798,87.509,86.102,84.754,83.465,82.234,81.003,79.831,78.776,77.838,77.135,76.431,75.786,75.2,74.673,74.263,73.794,73.442,73.09,72.797,72.563,72.387,72.211,72.152,72.035,71.977,71.859,71.742,71.625,71.508,71.332,71.273,71.097,70.922,70.746,70.394,70.101,69.808,69.456,69.163,68.812,68.401,68.108,67.756,67.346,66.995,66.819,66.936,67.053,66.936,66.584,66.76,68.225,72.27,80.007,91.905,107.55,124.79,140.96,153.68,161.54,164.82,164.7,162.77,160.48,158.61,157.49,156.97,156.85,156.79,156.44,155.56,154.09,152.04,149.35,146,142.14,137.68,132.82,127.48,121.8,115.88,109.66,103.45,97.356,91.964,87.861,85.34,84.52,85.106,86.513,88.271,89.971,91.319,92.315,93.077,93.429,93.429,92.96,92.139,91.084,90.029,88.798,87.45,85.926,84.344,82.879,81.413,80.124,78.834,77.662,76.607,75.552,74.673,73.794,73.09,72.563,72.035,71.625,71.156,70.804,70.335,69.925,69.573,69.163,68.929,68.753,68.518,68.343,68.167,67.932,67.581,67.288,66.936,66.584,66.233,65.881,65.529,65.178,64.709,64.298,63.771,63.302,62.774,62.423,62.071,61.719,61.426,61.25,61.075,60.899,60.84,60.723,60.723,60.84,61.426,63.185,67.405,75.376,87.509,103.1,120.27,136.57,149.58,157.79,161.07,160.25,157.08,152.92,148.76,145.07,142.02,139.44,137.21,135.04,132.64,129.71,126.37,122.62,118.52,114.12,109.49,104.51,99.173,93.546,87.919,82.644,78.19,75.024,73.559,73.676,75.083,77.31,79.655,81.999,83.934,85.575,86.747,87.626,88.095,88.154,87.919,87.275,86.278,85.164,83.934,82.644,81.472,80.3,79.186,78.131,77.193,76.255,75.493,74.731,74.028,73.442,72.856,72.387,71.859,71.508,71.156,70.922,70.746,70.57,70.394,70.218,70.042,69.925,69.749,69.632,69.573,69.398,69.222,69.105,68.929,68.812,68.694,68.518,68.343,68.05,67.698,67.346,67.112,66.936,66.76,66.526,66.291,66.115,65.822,65.529,65.295,65.119,65.002,65.178,66.233,69.222,75.552,86.102,100.52,117.28,133.93,147.94,157.55,162.53,163.82,162.59,160.25,157.55,155.09,153.16,151.63,150.4,149.23,147.94,146.3,144.36,142.02,138.97,135.22,130.88,125.9,120.51,114.65,108.67,102.57,96.594,91.319,87.099,84.403,83.406,83.875,85.34,87.333,89.443,91.084,92.432,93.253,93.605,93.663,93.37,92.784,91.964,90.967,89.854,88.623,87.216,85.868,84.52,83.289,82.175,81.12,80.124,79.186,78.307,77.486,76.666,75.962,75.318,74.731,74.321,73.852,73.442,72.973,72.621,72.27,71.859,71.508,71.097,70.746,70.394,70.16,69.925,69.749,69.456,69.222,68.987,68.694,68.401,68.225,68.05,67.932,67.756,67.463,67.17,66.819,66.291,65.822,65.295,64.767,64.357,63.947,63.419,63.009,62.481,62.071,61.602,61.426,62.188,64.884,70.922,81.355,96.008,113.18,130.53,145.42,155.85,161.36,162.53,160.78,157.49,153.8,150.22,147.18,144.77,142.84,141.14,139.26,137.15,134.93,132.35,129.36,125.72,121.5,116.7,111.31,105.56,99.583,93.663,88.037,83.172,79.538,77.486,77.135,78.072,79.831,81.999,84.109,85.868,87.157,88.095,88.564,88.681,88.447,87.861,87.04,85.985,84.813,83.465,82.058,80.651,79.362,78.072,76.841,75.786,74.79,73.911,73.032,72.211,71.508,70.863,70.277,69.867,69.398,68.987,68.636,68.167,67.815,67.463,67.17,66.936,66.76,66.526,66.233,65.998,65.646,65.412,65.178,65.002,64.767,64.65,64.474,64.24,64.005,63.712,63.478,63.243,63.009,62.774,62.657,62.54,62.423,62.364,62.188,62.012,61.837,61.778,61.837,61.895,62.247,63.067,65.119,69.573,77.603,89.678,105.09,121.91,137.68,150.05,157.67,160.6,159.78,156.73,152.86,149.05,145.83,143.13,140.79,138.74,136.69,134.58,132.11,129.36,126.19,122.56,118.52,113.88,108.84,103.45,97.825,92.315,87.275,83.23,80.71,79.831,80.475,82.117,84.227,86.337,88.154,89.56,90.44,90.909,91.084,90.967,90.615,89.971,89.033,87.978,86.747,85.34,83.992,82.644,81.355,80.241,79.186,78.248,77.428,76.607,75.904,75.259,74.614,74.028,73.559,73.032,72.621,72.211,71.918,71.625,71.332,71.156,70.98,70.804,70.687,70.57,70.511,70.394,70.394,70.277,70.101,69.867,69.632,69.398,69.163,68.929,68.753,68.46,68.225,67.932,67.698,67.405,67.112,66.877,66.526,66.291,65.998,65.705,65.471,65.236,65.295,66.174,68.929,74.966,85.282,99.818,116.87,133.93,148.23,158.02,162.83,163.88,162.77,160.66,158.61,156.97,155.85,155.27,154.8,154.44,153.62,152.22,150.22,147.53,144.36,140.73,136.8,132.35,127.54,122.15,116.29,110.13,103.74,97.415,91.671,86.806,83.406,81.882,81.882,83.172,85.223,87.45,89.443,90.967,92.022,92.608,92.726,92.55,92.022,91.26,90.264,89.033,87.685,86.278,84.871,83.523,82.234,81.003,79.831,78.717,77.662,76.666,75.669,74.849,74.028,73.325,72.68,72.152,71.684,71.273,70.98,70.629,70.218,69.867,69.339,68.929,68.46,68.05,67.698,67.288,66.936,66.584,66.291,65.998,65.705,65.412,65.119,64.767,64.416,64.005,63.536,63.126,62.716,62.423,62.13,61.778,61.544,61.25,60.957,60.723,60.488,60.254,60.02,59.961,60.313,61.544,64.65,71.039,81.53,95.949,112.65,129.48,143.84,153.92,158.84,159.37,156.73,152.63,148.29,144.48,141.49,139.21,137.39,135.81,134.11,132.05,129.48,126.31,122.5,118.1,113.24,107.91,102.34,96.594,90.791,85.106,80.065,76.197,73.852,73.207,74.087,76.021,78.424,80.886,82.996,84.696,85.926,86.747,87.157,87.275,86.981,86.337,85.34,84.168,82.879,81.413,80.007,78.541,77.252,75.962,74.907,73.969,73.149,72.446,71.742,71.039,70.394,69.867,69.28,68.812,68.343,67.991,67.581,67.229,66.995,66.76,66.526,66.291,66.115,65.939,65.822,65.646,65.588,65.529,65.529,65.471,65.471,65.412,65.353,65.236,65.119,64.943,64.65,64.416,64.122,63.771,63.478,63.243,63.067,62.833,62.657,62.54,62.481,62.481,62.599,63.185,64.884,68.694,75.904,87.333,102.57,119.8,136.57,150.22,159.19,163.06,162.94,160.25,156.55,152.69,149.29,146.41,143.95,141.67,139.62,137.68,135.75,133.75,131.47,128.71,125.37,121.21,116.41,110.9,105.03,98.997,93.194,88.037,84.109,81.706,81.062,81.648,83.172,85.106,87.04,88.857,90.264,91.202,91.671,91.788,91.612,91.202,90.44,89.502,88.447,87.216,85.926,84.637,83.347,82.117,80.944,79.772,78.776,77.838,77.076,76.314,75.611,74.966,74.438,73.852,73.383,72.914,72.563,72.27,72.035,71.859,71.684,71.566,71.449,71.215,71.097,70.98,70.922,70.804,70.746,70.629,70.511,70.277,70.042,69.808,69.573,69.28,69.046,68.753,68.343,67.991,67.581,67.288,66.936,66.584,66.233,65.939,65.529,65.178,64.884,64.943,65.998,69.222,76.021,87.216,102.28,119.45,135.92,149.29,158.14,162.36,163.12,161.71,159.6,157.49,155.68,154.33,153.16,152.39,151.51,150.34,148.94,146.94,144.3,141.14,137.39,133.05,128.24,122.97,117.34,111.42,105.21,99.056,93.077,87.743,83.406,80.593,79.42,79.655,80.944,82.644,84.52,86.161,87.333,88.095,88.505,88.564,88.388,87.861,87.157,86.22,85.047,83.816,82.351,81.003,79.596,78.365,77.193,76.138,75.2,74.321,73.442,72.68,71.918,71.215,70.629,70.042,69.573,69.105,68.694,68.225,67.874,67.463,67.17,66.936,66.76,66.584,66.408,66.174,65.939,65.646,65.353,65.119,64.884,64.591,64.357,64.181,63.947,63.712,63.536,63.361,63.126,62.892,62.657,62.423,62.188,62.012,61.719,61.485,61.309,60.957,60.606,60.313,60.254,60.664,62.481,66.819,74.79,86.864,102.22,119.04,135.04,147.88,156.03,159.37,158.72,155.62,151.46,147.12,143.25,140.14,137.56,135.51,133.58,131.53,129.18,126.25,122.62,118.4,113.83,108.84,103.74,98.528,93.253,88.095,83.406,79.538,77.076,76.138,76.724,78.424,80.71,83.23,85.575,87.333,88.681,89.502,89.795,89.795,89.443,88.74,87.802,86.688,85.399,84.051,82.644,81.296,80.065,78.834,77.721,76.607,75.669,74.731,73.911,73.207,72.621,72.035,71.625,71.215,70.922,70.629,70.335,70.042,69.808,69.573,69.339,69.222,69.163,68.987,68.812,68.518,68.401,68.284,68.284,68.225,68.225,68.108,67.932,67.698,67.346,66.995,66.584,66.291,66.057,65.705,65.471,65.295,65.06,64.767,64.474,64.181,63.947,63.712,63.947,65.178,68.694,75.669,87.04,102.34,119.69,136.45,149.99,158.78,162.89,163.3,161.6,159.25,157.2,155.68,154.86,154.39,153.86,153.04,151.75,150.05,147.88,145.36,142.43,138.97,135.1,130.59,125.61,120.1,114.12,107.79,101.4,95.246,89.795,85.575,82.996,82.117,82.879,84.52,86.688,88.798,90.615,91.964,92.843,93.312,93.37,93.077,92.432,91.553,90.44,89.15,87.861,86.513,85.106,83.875,82.586,81.53,80.534,79.596,78.776,78.014,77.252,76.548,75.845,75.2,74.614,74.145,73.794,73.501,73.149,72.856,72.563,72.211,71.859,71.566,71.215,70.98,70.804,70.57,70.335,70.101,69.867,69.573,69.222,68.929,68.636,68.284,67.991,67.581,67.229,66.819,66.35,65.939,65.471,65.119,64.65,64.298,63.829,63.419,62.892,62.423,62.012,61.837,62.716,65.705,72.211,83.113,97.942,115.12,132.05,146.18,155.79,160.54,161.36,159.43,156.2,152.63,149.23,146.47,144.25,142.31,140.44,138.44,136.16,133.7,130.94,127.78,124.32,120.16,115.53,110.31,104.68,98.645,92.55,86.688,81.472,77.603,75.376,74.79,75.728,77.603,79.948,82.234,84.227,85.809,86.923,87.509,87.685,87.509,86.923,86.044,84.989,83.699,82.351,81.003,79.596,78.248,76.841,75.552,74.438,73.442,72.563,71.742,71.097,70.57,69.984,69.573,69.105,68.812,68.401,68.108,67.756,67.346,66.995,66.584,66.35,66.115,65.939,65.646,65.412,65.236,65.002,64.709,64.533,64.357,64.122,63.947,63.712,63.478,63.185,62.833,62.599,62.305,62.012,61.778,61.544,61.368,61.192,61.075,60.899,60.84,60.84,60.957,61.25,61.661,62.599,64.767,69.456,77.721,89.971,105.5,122.38,137.97,150.11,157.43,159.84,158.55,155.21,151.1,147.35,144.3,141.84,139.91,138.03,135.92,133.34,130.41,127.07,123.44,119.45,115.12,110.43,105.44,100.17,94.718,89.443,84.696,81.003,78.834,78.365,79.245,81.062,83.289,85.575,87.509,88.916,89.912,90.498,90.733,90.557,90.088,89.385,88.388,87.216,85.926,84.52,83.172,81.706,80.417,79.186,78.072,77.076,76.255,75.552,74.849,74.263,73.618,72.973,72.446,71.918,71.508,71.156,70.863,70.687,70.511,70.335,70.16,70.042,69.867,69.749,69.632,69.573,69.456,69.339,69.28,69.163,69.046,68.929,68.753,68.46,68.284,68.05,67.815,67.463,67.112,66.819,66.408,66.115,65.705,65.412,65.119,64.767,64.533,64.357,64.474,65.529,68.636,75.2,86.102,101.17,118.52,135.34,149.17,158.37,162.77,163.41,161.95,159.54,157.26,155.38,154.03,153.21,152.63,151.92,150.93,149.46,147.53,145.24,142.37,138.91,134.81,130,124.61,118.75,112.6,106.32,100.05,94.132,88.974,85.223,83.113,82.82,83.816,85.633,87.802,89.795,91.436,92.491,93.136,93.37,93.194,92.726,92.022,91.026,89.912,88.623,87.216,85.868,84.637,83.347,82.234,81.179,80.241,79.245,78.365,77.486,76.666,75.904,75.318,74.673,74.028,73.442,72.856,72.27,71.859,71.566,71.215,70.922,70.687,70.335,70.042,69.691,69.28,68.87,68.46,68.05,67.581,67.112,66.643,66.233,65.705,65.236,64.65,64.122,63.536,62.892,62.305,61.778,61.309,60.84,60.371,59.961,59.551,59.258,58.965,58.73,58.671,59.023,60.488,64.181,71.566,83.289,98.939,116.64,133.7,147.59,156.67,160.6,160.25,157.26,153.04,148.94,145.48,142.78,140.85,139.38,137.92,136.16,133.93,131.12,127.66,123.67,119.28,114.47,109.37,103.98,98.352,92.667,87.216,82.351,78.541,76.255,75.493,76.197,77.779,79.831,81.999,83.875,85.282,86.337,86.981,87.275,87.157,86.806,86.102,85.164,83.992,82.586,81.179,79.714,78.307,76.9,75.669,74.497,73.442,72.563,71.742,71.039,70.394,69.808,69.28,68.87,68.401,68.05,67.698,67.346,67.112,66.877,66.643,66.408,66.174,65.881,65.646,65.471,65.353,65.236,65.06,64.767,64.533,64.24,63.947,63.595,63.419,63.185,62.833,62.54,62.188,61.895,61.661,61.485,61.368,61.309,61.309,61.309,61.309,61.368,61.426,61.661,62.188,63.595,66.819,72.973,83.172,97.18,113.83,130.59,145.18,155.38,160.31,160.72,158.14,154.03,149.81,146.06,143.13,140.85,138.85,136.86,134.69,132.11,129.3,126.13,122.68,118.87,114.65,110.07,104.92,99.525,94.074,88.798,84.285,81.003,79.303,79.245,80.417,82.41,84.754,86.981,88.916,90.381,91.319,91.729,91.788,91.436,90.733,89.795,88.623,87.216,85.751,84.168,82.586,81.12,79.714,78.541,77.545,76.607,75.786,75.024,74.321,73.676,73.149,72.739,72.27,71.977,71.684,71.332,71.039,70.804,70.629,70.511,70.394,70.335,70.335,70.277,70.218,70.101,69.984,69.808,69.573,69.28,69.046,68.812,68.518,68.225,67.932,67.581,67.229,66.995,66.76,66.467,66.291,66.115,65.939,65.588,65.353,65.06,64.709,64.65,65.119,66.877,71.332,79.948,92.96,109.55,127.37,143.54,155.73,162.94,165.58,165.05,162.94,160.25,157.73,155.85,154.56,153.74,153.16,152.57,151.51,149.81,147.53,144.66,141.32,137.51,133.17,128.42,123.2,117.46,111.42,105.15,98.997,93.312,88.564,85.282,83.699,83.523,84.52,86.102,87.861,89.443,90.615,91.436,91.846,91.846,91.612,90.967,90.147,88.974,87.685,86.161,84.696,83.23,81.824,80.417,79.186,78.014,76.841,75.728,74.673,73.676,72.739,71.918,71.215,70.687,70.218,69.867,69.456,69.105,68.812,68.518,68.284,68.108,67.991,67.815,67.698,67.463,67.288,67.112,66.877,66.584,66.291,65.998,65.588,65.178,64.709,64.24,63.771,63.419,63.067,62.657,62.305,61.895,61.602,61.309,61.133,60.899,60.723,60.606,60.43,60.254,60.195,60.606,62.188,65.939,73.09,84.403,99.407,116.35,132.82,146.47,155.56,159.66,159.66,156.79,152.63,148.06,143.78,140.14,137.04,134.4,132.05,129.83,127.48,124.96,122.03,118.69,114.65,110.07,104.86,99.29,93.546,87.861,82.644,78.483,75.728,74.614,74.966,76.49,78.541,80.769,82.879,84.637,85.926,86.864,87.509,87.743,87.626,87.157,86.513,85.575,84.52,83.406,82.292,81.179,80.182,79.186,78.307,77.486,76.724,75.962,75.259,74.497,73.794,73.149,72.621,72.094,71.625,71.273,70.98,70.746,70.57,70.394,70.277,70.16,70.101,70.042,69.984,69.925,69.808,69.691,69.632,69.398,69.222,68.987,68.694,68.284,67.991,67.581,67.288,67.053,66.877,66.643,66.467,66.291,66.057,65.881,65.646,65.471,65.295,65.236,65.705,67.522,72.094,80.534,93.37,109.43,126.6,142.19,153.86,160.72,163.35,163.06,161.13,158.61,156.03,153.74,151.75,150.11,148.76,147.47,146.12,144.48,142.37,139.67,136.51,132.76,128.42,123.5,117.99,112.07,105.91,99.759,93.898,88.857,85.164,83.23,82.937,83.934,85.751,87.743,89.736,91.436,92.667,93.429,93.663,93.605,93.253,92.608,91.729,90.674,89.502,88.154,86.806,85.399,84.051,82.82,81.648,80.593,79.655,78.776,78.014,77.252,76.49,75.845,75.259,74.673,74.087,73.676,73.325,72.973,72.68,72.446,72.152,71.918,71.742,71.566,71.332,71.097,70.804,70.511,70.101,69.749,69.398,69.046,68.753,68.343,67.991,67.522,67.112,66.584,66.057,65.412,64.767,64.24,63.654,63.126,62.54,62.071,61.485,61.075,60.606,60.254,59.961,60.313,62.012,66.408,74.79,87.685,104.16,122.15,138.97,152.16,160.42,163.76,163.12,160.01,155.85,151.81,148.35,145.89,144.07,142.55,140.85,138.85,136.51,133.75,130.77,127.48,123.91,119.8,115,109.55,103.57,97.297,91.202,85.633,81.062,78.072,76.666,76.841,78.19,80.124,82.234,84.109,85.751,86.864,87.626,87.978,88.037,87.743,87.157,86.278,85.164,83.992,82.761,81.413,80.124,78.834,77.662,76.607,75.611,74.673,73.852,73.09,72.387,71.742,71.097,70.511,69.925,69.398,68.987,68.518,68.108,67.698,67.288,66.995,66.643,66.35,66.057,65.822,65.529,65.295,65.002,64.709,64.474,64.24,64.005,63.771,63.536,63.361,63.126,62.892,62.657,62.423,62.305,62.305,62.305,62.247,62.247,62.188,62.13,62.071,62.071,62.188,62.481,63.419,65.881,70.98,79.831,92.667,108.55,125.37,140.67,152.16,158.78,160.6,158.78,154.97,150.64,146.53,143.19,140.44,138.27,136.51,134.93,133.34,131.47,129.07,125.78,121.68,116.76,111.25,105.44,99.407,93.546,87.978,83.113,79.479,77.369,76.959,78.072,80.065,82.527,85.047,87.216,88.974,90.322,91.202,91.553,91.553,91.202,90.44,89.385,88.037,86.571,85.047,83.465,82.058,80.651,79.42,78.248,77.135,76.138,75.259,74.497,73.852,73.325,72.856,72.446,72.035,71.684,71.332,71.097,70.98,70.804,70.746,70.687,70.629,70.511,70.394,70.277,70.218,70.101,69.925,69.808,69.632,69.339,69.163,68.929,68.753,68.401,68.108,67.815,67.405,67.112,66.819,66.467,66.233,65.939,65.646,65.412,65.178,65.002,65.119,66.057,68.812,74.849,85.164,99.583,116.52,133.4,147.47,157.14,161.89,162.94,161.71,159.66,157.61,155.79,154.39,153.21,152.1,150.81,149.29,147.59,145.83,143.84,141.73,139.38,136.39,132.52,127.83,122.33,116.05,109.37,102.63,96.066,90.322,85.868,82.996,81.882,82.234,83.523,85.282,87.157,88.74,89.854,90.557,90.733,90.557,90.029,89.326,88.388,87.216,85.985,84.637,83.113,81.648,80.241,78.834,77.662,76.548,75.493,74.497,73.559,72.68,71.859,71.156,70.511,69.925,69.456,69.163,68.929,68.694,68.401,68.108,67.815,67.463,67.17,66.877,66.643,66.526,66.467,66.35,66.174,65.939,65.588,65.236,64.767,64.416,64.005,63.595,63.185,62.774,62.423,62.071,61.719,61.426,61.192,60.899,60.723,60.606,60.43,60.254,60.02,59.902,60.254,61.426,64.416,70.57,80.651,94.543,110.9,127.54,142.08,152.57,158.2,159.31,157.14,153.1,148.53,144.13,140.38,137.33,134.81,132.7,130.53,128.24,125.55,122.38,118.69,114.47,109.78,104.68,99.349,94.015,88.623,83.582,79.42,76.49,75.083,75.318,76.548,78.483,80.651,82.82,84.52,85.926,86.981,87.685,87.978,87.919,87.568,86.864,85.926,84.813,83.523,82.234,81.062,79.831,78.717,77.662,76.666,75.786,74.966,74.263,73.618,72.973,72.446,71.859,71.449,70.98,70.629,70.335,70.16,70.042,69.925,69.867,69.808,69.808,69.749,69.632,69.456,69.222,68.987,68.753,68.46,68.284,68.167,68.05,67.932,67.756,67.463,67.17,66.877,66.584,66.35,66.115,65.939,65.705,65.529,65.353,65.178,65.002,65.002,65.588,67.698,72.563,81.413,94.484,110.6,127.48,142.55,153.74,160.31,162.65,162.12,159.84,157.14,154.56,152.57,151.16,150.34,149.76,149.05,147.94,146.36,144.19,141.49,138.03,134.11,129.59,124.67,119.34,113.59,107.61,101.46,95.539,90.147,85.985,83.406,82.527,83.172,84.871,86.981,89.092,90.909,92.257,93.077,93.37,93.312,92.784,92.139,91.202,90.029,88.74,87.333,85.926,84.461,83.113,81.882,80.71,79.655,78.658,77.779,76.959,76.197,75.493,74.907,74.38,73.852,73.442,72.973,72.68,72.387,72.094,71.918,71.742,71.566,71.332,71.156,70.98,70.804,70.687,70.57,70.335,70.16,69.925,69.691,69.398,69.222,68.929,68.636,68.284,67.932,67.522,67.229,66.819,66.467,66.174,65.939,65.646,65.471,65.236,65.06,64.884,64.767,65.353,67.463,72.563,81.824,95.363,112.01,129.12,144.01,154.56,160.07,161.19,159.49,156.73,153.92,151.75,150.05,148.76,147.35,145.71,143.66,141.32,138.62,135.57,132.11,128.19,123.73,118.87,113.53,107.91,102.05,96.066,90.264,85.106,81.12,78.658,77.838,78.424,80.065,82.175,84.227,86.044,87.333,88.271,88.798,88.974,88.798,88.388,87.626,86.571,85.34,83.992,82.527,81.12,79.655,78.307,76.959,75.786,74.673,73.676,72.739,71.859,71.039,70.335,69.749,69.28,68.87,68.518,68.225,67.932,67.581,67.229,66.995,66.76,66.584,66.467,66.35,66.233,66.057,65.822,65.588,65.353,65.119,64.884,64.591,64.357,64.064,63.771,63.536,63.243,63.009,62.657,62.364,62.13,61.778,61.544,61.309,60.957,60.723,60.43,60.195,60.02,60.02,60.606,62.305,66.291,73.618,84.93,99.759,116.35,132.47,145.83,154.68,158.72,158.67,155.79,151.51,146.88,142.49,138.8,135.81,133.29,131.18,129.18,126.9,124.44,121.5,118.05,114.12,109.78,105.09,100.17,95.07,90.029,85.633,82.175,80.124,79.538,80.182,81.648,83.523,85.458,87.157,88.505,89.385,89.854,89.971,89.795,89.385,88.623,87.685,86.571,85.282,83.992,82.644,81.472,80.3,79.186,78.131,77.193,76.373,75.552,74.907,74.38,73.852,73.442,72.914,72.504,72.094,71.742,71.449,71.097,70.863,70.687,70.57,70.335,70.218,70.042,69.867,69.691,69.456,69.339,69.222,69.105,69.046,68.929,68.694,68.401,68.108,67.756,67.346,67.053,66.76,66.467,66.291,66.115,65.881,65.588,65.353,65.06,64.767,64.943,65.998,69.046,75.493,86.161,100.76,117.58,134.05,147.7,156.85,161.36,162.24,160.78,158.49,156.03,153.92,152.16,150.75,149.4,148.11,146.83,145.36,143.84,142.02,139.62,136.51,132.76,128.24,123.2,117.81,112.13,106.27,100.29,94.367,88.974,84.637,81.706,80.534,81.003,82.644,84.93,87.333,89.443,91.026,91.964,92.491,92.55,92.257,91.671,90.85,89.795,88.681,87.333,85.926,84.52,83.172,81.941,80.651,79.479,78.365,77.369,76.373,75.493,74.614,73.911,73.325,72.797,72.27,71.859,71.566,71.156,70.863,70.57,70.218,69.925,69.691,69.398,69.222,69.046,68.87,68.694,68.46,68.343,68.225,68.05,67.932,67.756,67.522,67.229,66.936,66.526,66.233,65.939,65.646,65.412,65.295,65.119,64.943,64.709,64.533,64.474,64.474,65.002,66.643,70.746,78.658,90.967,106.97,124.49,140.61,152.98,160.36,163,162.18,159.49,156.26,153.1,150.52,148.41,146.88,145.71,144.77,143.72,142.19,140.03,137.15,133.58,129.36,124.67,119.51,114,108.2,102.16,96.301,90.909,86.571,83.699,82.527,82.82,84.109,85.926,87.802,89.443,90.615,91.377,91.671,91.671,91.377,90.791,90.029,89.033,87.978,86.747,85.458,84.168,82.937,81.648,80.534,79.42,78.365,77.369,76.431,75.552,74.673,73.852,73.09,72.446,71.742,71.097,70.57,70.042,69.573,69.046,68.518,68.108,67.756,67.405,67.112,66.819,66.526,66.233,66.057,65.822,65.471,65.178,64.767,64.474,64.181,63.829,63.478,63.067,62.657,62.305,61.895,61.544,61.25,60.957,60.723,60.43,60.195,59.961,59.727,59.551,59.375,59.375,59.844,61.485,65.412,72.973,84.813,100.11,117.05,133.23,146.3,154.74,158.31,157.67,154.5,150.11,145.59,141.67,138.68,136.51,134.87,133.4,131.76,129.48,126.6,122.97,118.75,114.06,108.96,103.63,98.118,92.55,87.216,82.351,78.483,75.962,75.024,75.435,76.724,78.6,80.534,82.351,83.758,84.813,85.633,86.102,86.337,86.278,85.809,85.047,83.992,82.761,81.355,80.007,78.658,77.428,76.255,75.259,74.321,73.501,72.797,72.152,71.684,71.215,70.922,70.629,70.394,70.277,70.277,70.335,70.511,70.629,70.863,71.097,71.273,71.273,71.097,70.804,70.277,69.339,68.108,67.463,68.401,70.042,70.922,70.804,70.277,69.867,69.339,68.929,68.87,69.222,69.808,69.867,68.812,66.936,64.709,62.774,61.309,60.664,60.899,61.837,63.126,64.181,65.881,70.335,80.182,95.656,114.35,133.17,149.29,160.66,166.69,168.51,167.57,165.17,162.3,159.54,156.91,154.09,151.1,148.11,145.36,142.72,140.38,138.15,135.63,131.94,126.78,120.68,114.3,107.96,101.93,96.125,90.909,86.571,83.113,80.651,79.479,79.655,81.12,83.465,86.571,89.971,93.194,95.48,96.653,96.946,96.653,96.008,94.777,93.077,90.967,89.092,87.275,85.399,83.465,81.941,80.944,80.3,79.479,78.248,76.959,75.786,74.438,72.973,71.859,72.27,75.318,79.772,82.234,79.714,74.087,68.753,65.178,63.947,64.533,65.471,65.295,64.122,62.599,61.485,61.25,61.778,62.657,63.712,65.002,66.115,66.584,66.526,66.174,65.646,65.002,63.712,62.012,60.313,58.73,102.22,101.75,99.818,97.004,94.015,91.553,89.795,88.857,88.505,88.564,88.212,86.981,84.93,82.879,81.237,79.831,78.541,77.369,76.49,75.962,75.435,74.731,74.028,73.794,73.676,73.383,72.68,71.801,70.687,69.222,67.756,66.291,64.943,63.654,62.481,61.485,60.782,61.192,62.481,64.122,65.295,65.529,65.06,64.357,63.829,63.419,63.126,62.833,62.599,62.188,61.778,61.719,61.895,62.247,62.247,61.661,60.899,60.254,59.727,59.316,58.789,58.144,57.558,56.913,56.503,56.444,56.972,58.378,61.192,66.526,75.024,86.571,99.818,113.24,125.2,134.4,140.32,142.66,142.49,140.73,138.44,136.04,134.05,132.52,131.47,130.36,128.95,127.01,124.44,121.33,117.81,114.18,110.66,106.91,102.75,98.177,93.253,88.095,83.172,79.069,76.255,75.083,75.493,76.959,79.069,81.237,82.82,83.465,83.523,83.406,83.113,82.644,82.292,81.999,81.296,80.3,78.893,77.545,77.135,78.248,80.007,80.886,80.593,80.065,79.831,80.358,80.71,80.124,78.6,76.783,74.614,72.387,70.804,70.57,71.039,71.039,69.984,68.284,66.936,65.939,65.002,63.947,63.243,62.892,63.009,63.478,64.181,65.002,65.646,66.174,66.233,65.822,65.002,64.005,63.243,63.009,63.185,63.009,62.364,62.012,62.423,63.712,65.529,67.463,68.987,69.456,69.046,68.812,70.863,76.9,87.099,100.23,114.3,127.25,137.39,144.13,147.7,148.88,148.7,148,147.35,147.18,147.41,147.88,148.23,148.17,147.29,145.54,143.25,140.5,137.15,132.7,127.07,121.45,116.52,112.24,107.61,102.69,97.825,93.37,88.916,84.871,81.941,80.593,80.475,81.355,83.172,85.575,87.626,88.974,89.619,89.502,88.681,87.626,86.806,86.278,85.868,85.458,85.106,84.696,84.168,83.523,82.527,81.003,79.127,77.721,76.959,76.255,74.907,73.149,71.156,69.163,67.756,67.756,69.28,71.273,72.563,72.856,72.68,72.035,71.215,70.629,70.218,69.573,67.991,66.174,64.767,64.005,64.005,64.533,65.178,65.529,65.881,66.291,66.819,66.936,66.174,64.767,63.243,61.778,60.84,60.547,60.782,61.309,61.837,62.423,63.067,63.478,63.595,63.654,63.947,65.06,67.991,73.676,82.586,94.308,107.38,120.21,131.29,139.38,144.25,146.36,146.47,145.59,144.36,143.07,141.84,140.79,139.62,138.09,136.51,134.63,132.47,129.83,126.6,122.97,118.98,114.35,108.9,102.75,96.36,90.088,84.52,80.182,77.31,75.962,76.138,77.193,78.893,80.886,82.527,83.699,84.285,84.637,84.637,84.403,83.934,83.113,82.058,80.769,79.538,78.365,77.135,76.021,75.259,74.731,74.38,73.911,73.501,72.797,71.918,71.156,70.863,71.215,71.977,72.387,71.918,70.746,69.398,68.284,67.463,67.053,66.936,67.17,67.522,67.932,68.108,68.401,68.812,69.105,69.222,69.163,69.28,69.691,70.101,70.277,69.925,69.222,68.812,68.753,68.694,68.343,67.756,67.229,67.053,66.936,66.35,65.412,64.533,63.947,63.654,63.654,63.771,64.357,66.233,70.394,77.897,88.74,102.05,116.11,129.12,139.5,146.3,149.93,150.99,150.34,148.99,147.53,146.47,145.83,145.3,144.54,143.07,141.08,139.26,137.62,135.28,131.59,126.84,121.91,117.05,112.01,106.68,101.17,95.832,91.202,87.568,85.223,84.285,84.52,85.575,86.806,87.861,88.564,88.798,88.505,87.802,87.157,86.923,87.04,87.216,87.157,86.747,86.102,85.282,84.227,82.937,81.179,79.42,77.897,76.783,76.021,75.493,75.024,74.79,74.497,74.087,73.559,72.739,71.859,71.039,70.16,69.28,68.636,68.518,69.163,69.867,70.218,70.16,70.101,69.984,69.867,69.867,69.808,69.456,68.929,68.108,67.17,66.643,66.526,66.526,66.291,65.822,65.178,64.533,64.064,63.185,61.837,60.371,59.082,58.085,57.089,56.62,56.854,57.675,58.261,58.496,59.375,61.778,66.115,72.621,81.706,93.663,107.38,121.04,132.88,141.61,146.88,148.88,148.7,147.53,146.18,144.48,142.55,140.61,138.74,137.04,135.45,133.7,131.47,128.6,124.96,120.86,116.35,111.48,106.44,101.28,96.008,90.498,85.223,81.296,78.834,78.014,78.424,79.538,81.12,82.761,84.227,85.282,86.161,86.806,87.216,87.333,86.981,86.395,86.044,85.751,85.223,84.168,82.937,81.706,80.593,79.538,78.541,78.014,78.072,78.072,77.603,76.666,75.669,74.497,73.559,73.09,72.973,73.207,73.501,73.383,72.387,70.746,69.163,68.284,68.46,69.808,71.801,73.852,75.845,77.486,78.424,78.365,77.428,76.431,75.845,75.728,75.904,76.431,77.31,78.365,79.303,80.182,81.003,81.648,82.351,83.172,84.109,85.223,86.395,87.919,90.44,94.836,102.05,112.24,124.32,136.45,146.53,153.45,156.5,156.44,154.5,152.22,150.87,150.81,151.63,152.75,153.62,153.86,153.39,152.22,150.75,149.05,147.12,144.89,142.14,138.74,134.69,129.94,124.55,118.75,112.54,106.38,100.23,94.484,89.502,85.575,82.879,81.882,82.761,84.813,87.099,88.916,90.264,91.377,92.374,92.667,91.788,90.029,88.212,87.099,86.688,86.63,86.571,86.513,86.513,86.337,86.044,85.751,85.223,84.344,83.289,82.351,81.589,80.71,79.596,78.014,76.138,74.321,72.973,72.739,73.618,75.083,76.607,77.662,78.072,77.662,77.135,76.959,77.076,76.783,76.138,75.024,73.442,71.508,69.749,68.46,67.874,67.932,68.284,68.518,68.46,68.108,67.815,67.698,67.288,66.643,65.588,63.654,61.25,59.668,59.844,60.957,61.544,60.782,59.023,57.089,56.151,57.089,60.899,69.749,84.52,103.33,121.62,135.34,143.43,147.12,148,147.24,145.54,143.66,143.07,144.13,145.83,146.77,146.41,145.48,144.54,143.43,141.2,137.39,132.47,127.25,121.68,115.7,109.31,102.57,95.773,89.326,83.289,78.717,76.724,77.193,79.01,81.237,83.523,85.575,86.747,86.981,86.63,86.044,85.458,84.93,84.461,84.168,83.934,83.347,82.292,80.593,78.6,76.724,75.259,74.263,73.735,73.383,72.797,72.27,72.094,72.035,71.918,71.684,71.156,70.335,69.456,68.694,67.815,66.526,65.06,63.536,62.481,62.071,62.071,62.247,62.599,63.185,63.771,64.357,64.709,64.533,63.829,63.302,63.361,64.24,65.236,66.115,67.053,68.05,68.929,69.339,69.398,69.691,70.16,70.746,71.097,71.097,70.922,70.687,70.511,70.218,69.925,69.925,71.449,75.786,83.992,95.656,109.2,122.38,133.23,140.79,144.89,145.95,145.13,143.37,141.55,140.14,139.03,138.27,137.39,136.22,134.81,132.93,130.77,128.19,125.14,121.5,117.17,112.3,106.91,101.34,95.715,90.381,85.692,82.117,80.065,79.479,80.182,81.413,82.996,84.52,85.985,87.099,87.919,88.505,88.74,88.857,88.681,88.154,87.45,86.395,85.223,83.992,82.644,81.355,80.182,79.069,78.014,76.959,75.904,74.907,73.852,72.856,71.918,71.097,70.335,69.691,69.046,68.518,68.05,67.522,66.995,66.526,66.057,65.529,65.178,64.884,64.65,64.591,64.591,64.65,64.65,64.591,64.533,64.533,64.65,64.767,65.002,65.178,65.295,65.412,65.353,65.236,65.002,64.65,64.24,63.771,63.302,62.833,62.54,62.423,62.364,62.247,61.895,61.778,62.599,65.471,71.918,82.586,96.77,112.36,126.72,137.8,144.72,147.82,148.29,147.53,146.41,145.36,144.36,143.43,142.61,141.9,141.67,141.61,140.91,138.8,135.51,131.88,128.07,123.79,118.81,113.36,108.02,102.69,97.297,91.905,86.806,82.41,79.42,78.424,79.303,81.296,83.582,85.751,87.333,88.447,88.857,88.916,88.623,87.978,87.216,86.102,84.871,83.523,82.234,80.886,79.362,77.779,76.255,74.731,73.325,72.094,71.039,69.925,68.87,68.167,67.698,67.112,66.408,65.646,64.943,64.24,63.654,63.185,62.716,62.481,62.599,63.126,63.712,64.24,64.416,64.416,64.416,64.65,65.06,65.471,65.881,66.115,66.057,65.705,65.353,65.178,65.002,64.533,64.005,63.478,63.126,62.892,63.067,63.478,64.298,65.178,65.881,66.408,67.053,67.815,68.636,69.573,71.156,74.614,80.886,90.44,102.69,116.05,128.6
-0.045455,-0.015152,-0.010264,-0.035191,-0.025415,-0.030303,-0.0053763,0.0043988,-0.025415,-0.00048876,-0.0053763,-0.015152,-0.025415,0.0043988,0.01955,-0.00048876,0.0043988,0.029814,0.0043988,-0.0053763,-0.025415,-0.00048876,-0.00048876,-0.37586,0.024438,-0.00048876,-0.015152,0.0043988,-0.00048876,0.044477,0.10459,0.13978,0.17498,0.23998,0.28495,0.20479,0.18964,0.21457,0.0043988,-0.070381,-0.095308,-0.11535,-0.1305,-0.10557,-0.10557,-0.095308,-0.1002,-0.12023,-0.095308,-0.1002,-0.080645,-0.085533,-0.070381,-0.050342,-0.070381,-0.080645,-0.065494,-0.050342,-0.035191,-0.020528,-0.045455,-0.030303,-0.045455,-0.025415,-0.030303,-0.035191,-0.030303,-0.050342,-0.045455,-0.040567,-0.05523,-0.045455,-0.025415,-0.025415,-0.09042,-0.070381,-0.050342,-0.05523,-0.070381,-0.050342,-0.025415,-0.035191,-0.040567,-0.05523,-0.065494,-0.050342,-0.045455,-0.020528,-0.030303,-0.040567,-0.035191,-0.070381,-0.025415,-0.050342,-0.020528,-0.030303,-0.045455,-0.040567,-0.030303,-0.040567,-0.025415,-0.050342,-0.035191,-0.025415,-0.030303,-0.05523,-0.050342,-0.05523,-0.035191,-0.015152,-0.035191,-0.025415,-0.020528,-0.025415,-0.00048876,-0.010264,0.0097752,0.024438,-0.020528,-0.035191,-0.025415,-0.010264,-0.00048876,-0.37586,-0.030303,-0.010264,-0.010264,0.024438,0.01955,0.079668,0.089932,0.14467,0.21457,0.30499,0.28983,0.2346,0.17986,0.064516,-0.040567,-0.1002,-0.095308,-0.13539,-0.15054,-0.12023,-0.11535,-0.12561,-0.14565,-0.095308,-0.11535,-0.10557,-0.095308,-0.085533,-0.09042,-0.065494,-0.085533,-0.070381,-0.060606,-0.050342,-0.050342,-0.05523,-0.050342,-0.030303,-0.020528,-0.050342,-0.045455,-0.060606,-0.050342,-0.05523,-0.050342,-0.040567,-0.080645,-0.09042,-0.05523,-0.035191,-0.070381,-0.035191,-0.030303,-0.050342,-0.05523,-0.040567,-0.035191,-0.050342,-0.050342,-0.030303,-0.035191,-0.025415,-0.050342,-0.050342,-0.045455,-0.030303,-0.035191,-0.035191,-0.030303,-0.020528,-0.045455,-0.065494,-0.070381,-0.040567,-0.050342,-0.040567,-0.060606,-0.035191,-0.050342,-0.045455,-0.050342,-0.050342,-0.045455,-0.045455,-0.050342,-0.045455,-0.050342,-0.045455,-0.050342,-0.025415,-0.030303,-0.010264,-0.025415,-0.020528,-0.050342,-0.070381,-0.080645,-0.035191,-0.45552,-0.0053763,-0.05523,-0.035191,-0.015152,0.0043988,0.024438,0.094819,0.1349,0.17986,0.26491,0.28495,0.24487,0.20479,0.11486,-0.040567,-0.12023,-0.16569,-0.16569,-0.17058,-0.15543,-0.16569,-0.15543,-0.18035,-0.16031,-0.16569,-0.14027,-0.12023,-0.13539,-0.1305,-0.13539,-0.1002,-0.080645,-0.095308,-0.11046,-0.070381,-0.05523,-0.080645,-0.095308,-0.075269,-0.070381,-0.065494,-0.095308,-0.085533,-0.095308,-0.095308,-0.085533,-0.05523,-0.09042,-0.10557,-0.075269,-0.05523,-0.050342,-0.050342,-0.045455,-0.045455,-0.05523,-0.035191,-0.025415,-0.050342,-0.045455,-0.040567,-0.045455,-0.050342,-0.030303,-0.05523,-0.020528,-0.00048876,-0.0053763,-0.015152,-0.025415,-0.030303,-0.010264,-0.025415,-0.025415,-0.015152,-0.0053763,-0.025415,-0.015152,-0.010264,-0.015152,-0.030303,0.0097752,-0.00048876,0.0043988,0.01955,0.01955,-0.00048876,0.0043988,0.014663,0.0097752,0.01955,0.024438,0.014663,0.0097752,-0.0053763,-0.025415,-0.00048876,-0.45552,0.024438,0.044477,0.01955,0.01955,0.039589,0.044477,0.099707,0.15494,0.18475,0.24976,0.32991,0.26979,0.21457,0.21994,0.094819,-0.025415,-0.065494,-0.12023,-0.095308,-0.095308,-0.095308,-0.080645,-0.095308,-0.085533,-0.1002,-0.080645,-0.070381,-0.05523,-0.045455,-0.070381,-0.040567,-0.020528,-0.025415,-0.025415,-0.040567,-0.045455,0.0043988,-0.00048876,0.01955,-0.00048876,-0.025415,0.0043988,-0.015152,-0.025415,-0.010264,-0.020528,-0.025415,-0.050342,-0.030303,-0.015152,-0.00048876,-0.025415,-0.035191,-0.025415,-0.030303,0.014663,0.01955,-0.00048876,-0.010264,-0.00048876,-0.00048876,0.014663,0.01955,-0.020528,-0.025415,0.0097752,0.01955,0.0043988,0.014663,0.01955,0.0097752,0.01955,-0.00048876,-0.00048876,-0.0053763,-0.0053763,-0.0053763,-0.00048876,-0.0053763,-0.010264,-0.00048876,-0.030303,-0.00048876,0.01955,0.029814,-0.030303,0.0043988,0.014663,0.0043988,0.024438,0.01955,0.01955,0.014663,0.024438,-0.00048876,0.024438,0.0097752,0.0043988,0.0043988,-0.37586,0.0043988,-0.015152,-0.00048876,-0.0053763,0.029814,0.059629,0.11975,0.16471,0.18475,0.24976,0.28983,0.23998,0.20479,0.15982,0.029814,-0.070381,-0.10557,-0.1002,-0.11046,-0.14027,-0.095308,-0.080645,-0.10557,-0.11535,-0.075269,-0.085533,-0.080645,-0.075269,-0.065494,-0.05523,-0.070381,-0.050342,-0.050342,-0.025415,-0.040567,-0.025415,-0.020528,-0.040567,-0.00048876,-0.010264,-0.030303,-0.025415,-0.040567,-0.025415,-0.035191,-0.045455,-0.050342,-0.045455,-0.060606,-0.025415,-0.045455,-0.030303,-0.05523,-0.030303,-0.025415,-0.040567,-0.045455,-0.050342,-0.060606,-0.030303,-0.045455,-0.040567,-0.025415,-0.020528,-0.040567,-0.025415,-0.010264,-0.020528,-0.040567,-0.015152,-0.010264,-0.00048876,-0.030303,-0.035191,-0.020528,-0.040567,-0.040567,-0.025415,-0.030303,-0.025415,-0.040567,-0.050342,-0.00048876,-0.020528,-0.010264,-0.025415,-0.00048876,0.0043988,-0.00048876,0.0097752,0.01955,-0.00048876,-0.010264,-0.0053763,-0.00048876,-0.010264,-0.030303,-0.025415,-0.37586,-0.0053763,0.014663,-0.030303,-0.015152,0.024438,0.034702,0.07478,0.099707,0.13978,0.1999,0.28983,0.3001,0.2346,0.23998,0.079668,-0.05523,-0.095308,-0.10557,-0.11046,-0.12561,-0.13539,-0.12561,-0.095308,-0.10557,-0.11046,-0.10557,-0.1002,-0.1002,-0.095308,-0.10557,-0.1002,-0.05523,-0.065494,-0.065494,-0.05523,-0.070381,-0.0053763,-0.025415,-0.025415,-0.025415,-0.025415,-0.045455,-0.05523,-0.045455,-0.070381,-0.075269,-0.080645,-0.05523,-0.035191,-0.040567,-0.050342,-0.040567,-0.045455,-0.040567,-0.030303,-0.060606,-0.070381,-0.050342,-0.05523,-0.045455,-0.075269,-0.025415,-0.035191,-0.035191,-0.040567,-0.030303,-0.050342,-0.040567,-0.030303,-0.035191,-0.025415,-0.020528,-0.040567,-0.060606,-0.050342,-0.045455,-0.030303,-0.050342,-0.060606,-0.025415,-0.010264,-0.0053763,-0.050342,-0.025415,-0.015152,-0.035191,-0.025415,-0.020528,-0.030303,-0.035191,-0.030303,-0.025415,-0.025415,-0.045455,0.0043988,-0.0053763,-0.035191,-0.050342,-0.025415,-0.37586,-0.0053763,-0.020528,-0.0053763,-0.010264,0.034702,0.059629,0.1349,0.12463,0.18964,0.26491,0.31965,0.33969,0.26002,0.21994,0.049853,-0.065494,-0.14565,-0.15543,-0.13539,-0.14565,-0.1305,-0.14565,-0.16031,-0.15543,-0.13539,-0.15054,-0.16031,-0.12023,-0.095308,-0.12561,-0.085533,-0.095308,-0.1002,-0.075269,-0.080645,-0.045455,-0.065494,-0.050342,-0.065494,-0.05523,-0.075269,-0.050342,-0.070381,-0.09042,-0.1002,-0.095308,-0.095308,-0.070381,-0.05523,-0.070381,-0.050342,-0.065494,-0.030303,-0.025415,-0.050342,-0.025415,-0.015152,-0.030303,-0.020528,-0.00048876,-0.025415,-0.015152,-0.00048876,-0.030303,-0.010264,0.0043988,-0.0053763,-0.010264,-0.015152,-0.020528,-0.00048876,-0.020528,-0.020528,-0.015152,-0.025415,-0.010264,-0.00048876,-0.00048876,-0.015152,-0.025415,-0.025415,-0.010264,-0.025415,-0.010264,-0.035191,-0.050342,0.0043988,0.01955,0.034702,0.01955,0.0043988,-0.00048876,-0.0053763,0.01955,0.0043988,0.014663,0.0097752,0.01955,-0.00048876,-0.37586,0.0043988,-0.025415,-0.00048876,0.014663,0.0097752,0.094819,0.12463,0.14956,0.21994,0.28495,0.32502,0.24487,0.21994,0.13978,-0.0053763,-0.080645,-0.11535,-0.080645,-0.1002,-0.10557,-0.1002,-0.095308,-0.095308,-0.095308,-0.09042,-0.080645,-0.070381,-0.075269,-0.095308,-0.030303,-0.025415,-0.05523,-0.030303,-0.025415,-0.015152,-0.025415,-0.015152,-0.020528,-0.025415,-0.020528,-0.010264,-0.00048876,-0.025415,-0.010264,-0.030303,-0.045455,-0.020528,-0.010264,-0.040567,-0.025415,-0.015152,-0.040567,-0.025415,-0.045455,-0.050342,-0.030303,-0.040567,-0.045455,-0.015152,-0.020528,-0.025415,-0.025415,-0.045455,-0.00048876,-0.010264,-0.00048876,-0.010264,-0.015152,-0.00048876,0.0097752,-0.020528,-0.025415,-0.00048876,0.0043988,-0.015152,-0.025415,-0.010264,-0.020528,-0.010264,-0.025415,-0.015152,-0.025415,-0.00048876,0.0043988,-0.00048876,-0.00048876,0.0097752,-0.00048876,0.014663,0.014663,0.014663,-0.0053763,0.014663,0.029814,-0.00048876,0.024438,-0.00048876,0.0097752,-0.010264,-0.37586,0.0097752,0.034702,-0.00048876,0.014663,0.034702,0.044477,0.079668,0.1349,0.17498,0.22972,0.28006,0.28983,0.20968,0.22972,0.10459,-0.0053763,-0.070381,-0.12023,-0.14565,-0.085533,-0.070381,-0.070381,-0.075269,-0.09042,-0.080645,-0.060606,-0.050342,-0.070381,-0.060606,-0.030303,-0.025415,-0.040567,-0.035191,-0.030303,-0.025415,-0.010264,-0.0053763,-0.010264,-0.040567,0.014663,0.01955,0.0097752,-0.040567,-0.045455,-0.025415,-0.035191,-0.040567,-0.025415,-0.030303,-0.035191,-0.030303,-0.040567,-0.035191,-0.035191,-0.025415,-0.030303,-0.025415,-0.05523,-0.030303,-0.015152,-0.045455,-0.030303,-0.045455,-0.050342,-0.025415,-0.015152,-0.00048876,-0.0053763,-0.030303,-0.035191,-0.035191,-0.025415,-0.025415,-0.030303,-0.035191,-0.050342,-0.05523,-0.025415,-0.020528,-0.05523,-0.025415,-0.030303,-0.045455,-0.0053763,-0.010264,-0.035191,-0.020528,-0.015152,-0.025415,-0.020528,-0.040567,-0.00048876,-0.020528,-0.030303,0.0043988,-0.0053763,-0.030303,-0.050342,-0.045455,-0.020528,-0.2957,-0.0053763,-0.010264,-0.015152,0.014663,0.039589,0.089932,0.1349,0.1999,0.26002,0.34506,0.34995,0.28983,0.26002,0.11975,-0.065494,-0.10557,-0.1305,-0.12561,-0.14565,-0.12561,-0.14027,-0.15054,-0.14027,-0.12023,-0.11535,-0.1305,-0.11535,-0.11046,-0.1002,-0.080645,-0.14565,-0.11046,-0.070381,-0.060606,-0.065494,-0.050342,-0.085533,-0.095308,-0.05523,-0.035191,-0.045455,-0.070381,-0.075269,-0.075269,-0.065494,-0.065494,-0.09042,-0.070381,-0.050342,-0.040567,-0.045455,-0.020528,-0.040567,-0.015152,-0.035191,0.014663,0.01955,0.0043988,-0.0053763,-0.020528,-0.010264,-0.0053763,-0.025415,0.0043988,0.0043988,-0.00048876,-0.010264,-0.020528,0.0097752,0.024438,-0.025415,-0.015152,-0.010264,-0.0053763,-0.015152,-0.020528,-0.015152,-0.025415,-0.030303,-0.010264,-0.015152,0.024438,0.0097752,-0.00048876,-0.00048876,-0.010264,0.024438,0.014663,-0.010264,-0.015152,-0.0053763,-0.45552,0.0043988,-0.00048876,0.0043988,0.049853,0.084555,0.14956,0.2346,0.34506,0.40469,0.50489,0.54985,0.43011,0.34506,0.22483,0.039589,-0.075269,-0.16569,-0.17546,-0.15543,-0.18035,-0.17058,-0.14565,-0.14027,-0.14565,-0.14565,-0.1305,-0.12023,-0.14027,-0.1002,-0.085533,-0.095308,-0.095308,-0.09042,-0.095308,-0.075269,-0.080645,-0.060606,-0.065494,-0.05523,-0.060606,-0.070381,-0.11046,-0.070381,-0.080645,-0.085533,-0.075269,-0.1002,-0.050342,-0.030303,-0.015152,-0.040567,-0.045455,-0.030303,-0.045455,-0.050342,-0.040567,-0.025415,-0.020528,-0.040567,-0.025415,-0.035191,-0.030303,-0.025415,-0.020528,-0.015152,-0.010264,-0.020528,-0.035191,-0.015152,-0.00048876,-0.00048876,-0.010264,-0.025415,-0.015152,-0.020528,-0.030303,-0.035191,-0.030303,-0.035191,-0.025415,-0.025415,-0.030303,-0.035191,-0.040567,-0.025415,-0.030303,-0.025415,-0.015152,-0.0053763,-0.010264,0.0043988,-0.00048876,-0.015152,0.014663,0.034702,0.01955,-0.00048876,-0.010264,-0.020528,-0.45552,-0.0053763,-0.025415,0.0097752,0.01955,0.044477,0.11975,0.21994,0.30987,0.38514,0.47507,0.50978,0.3998,0.32991,0.19501,0.01955,-0.095308,-0.14565,-0.16031,-0.15543,-0.15054,-0.14565,-0.14565,-0.14565,-0.14027,-0.13539,-0.11535,-0.12023,-0.12561,-0.11535,-0.1002,-0.095308,-0.095308,-0.075269,-0.080645,-0.075269,-0.065494,-0.05523,-0.060606,-0.045455,-0.075269,-0.080645,-0.075269,-0.050342,-0.05523,-0.045455,-0.040567,-0.040567,-0.040567,-0.040567,-0.030303,-0.035191,-0.035191,-0.025415,-0.030303,-0.025415,-0.010264,-0.025415,-0.025415,-0.035191,-0.025415,-0.025415,-0.025415,-0.020528,-0.025415,-0.020528,-0.015152,-0.010264,-0.0053763,-0.00048876,-0.015152,-0.020528,-0.015152,-0.0053763,-0.010264,-0.015152,-0.035191,-0.045455,-0.015152,-0.010264,-0.010264,-0.010264,-0.020528,-0.00048876,-0.00048876,-0.00048876,-0.00048876,-0.00048876,-0.0053763,0.0097752,0.01955,-0.00048876,0.01955,0.0043988,-0.00048876,0.014663,0.024438,0.0043988,-0.00048876,-0.00048876,-0.010264,-0.45552,0.0097752,-0.015152,0.0043988,0.034702,0.07478,0.14467,0.22972,0.32502,0.41496,0.52004,0.56012,0.42473,0.33969,0.18964,-0.015152,-0.09042,-0.11046,-0.12561,-0.12023,-0.11046,-0.11535,-0.12023,-0.12561,-0.12023,-0.14027,-0.14027,-0.14027,-0.1305,-0.12561,-0.12023,-0.1305,-0.11046,-0.095308,-0.11046,-0.09042,-0.085533,-0.09042,-0.080645,-0.09042,-0.085533,-0.11046,-0.095308,-0.095308,-0.075269,-0.065494,-0.075269,-0.065494,-0.05523,-0.040567,-0.040567,-0.045455,-0.025415,-0.015152,-0.025415,-0.025415,-0.025415,-0.020528,-0.025415,-0.015152,-0.025415,-0.030303,-0.045455,-0.015152,-0.020528,-0.020528,-0.020528,-0.015152,-0.010264,-0.025415,-0.035191,-0.035191,-0.030303,-0.030303,-0.025415,-0.025415,-0.010264,-0.015152,-0.020528,-0.0053763,-0.010264,-0.015152,-0.00048876,0.0043988,-0.020528,-0.025415,0.014663,0.0097752,0.0097752,0.014663,0.01955,0.024438,0.0043988,0.0043988,-0.00048876,0.014663,0.01955,0.0043988,-0.010264,-0.37586,-0.00048876,0.0043988,-0.025415,0.01955,0.049853,0.089932,0.17986,0.24976,0.32991,0.42473,0.52493,0.54497,0.37977,0.31965,0.15494,-0.035191,-0.12023,-0.16569,-0.20528,-0.18573,-0.19062,-0.18573,-0.19062,-0.16031,-0.16569,-0.15054,-0.12561,-0.15543,-0.15054,-0.15543,-0.13539,-0.14027,-0.12023,-0.11535,-0.12561,-0.12561,-0.1305,-0.11046,-0.095308,-0.12023,-0.11046,-0.10557,-0.1002,-0.12023,-0.12023,-0.1305,-0.1002,-0.09042,-0.095308,-0.065494,-0.035191,-0.050342,-0.075269,-0.035191,0.0043988,0.0097752,-0.025415,-0.040567,-0.045455,-0.035191,-0.015152,-0.0053763,-0.025415,-0.010264,-0.00048876,-0.020528,-0.010264,-0.015152,0.0043988,-0.010264,-0.020528,-0.00048876,0.0097752,0.0043988,-0.010264,-0.025415,-0.0053763,-0.015152,-0.00048876,-0.0053763,-0.020528,0.0043988,-0.00048876,0.0043988,-0.010264,-0.00048876,0.01955,0.01955,0.014663,0.0043988,0.034702,0.0097752,0.024438,0.044477,0.064516,0.024438,0.0043988,-0.00048876,0.0043988,-0.37586,0.0097752,-0.00048876,-0.00048876,0.029814,0.07478,0.12463,0.21457,0.28006,0.41007,0.50489,0.54985,0.45503,0.35484,0.24487,0.034702,-0.095308,-0.14565,-0.15054,-0.14565,-0.16031,-0.17546,-0.15054,-0.14565,-0.14565,-0.14565,-0.14027,-0.15054,-0.12561,-0.095308,-0.1002,-0.085533,-0.10557,-0.1002,-0.095308,-0.09042,-0.095308,-0.085533,-0.075269,-0.075269,-0.070381,-0.095308,-0.085533,-0.080645,-0.085533,-0.065494,-0.075269,-0.080645,-0.065494,-0.075269,-0.050342,-0.05523,-0.035191,-0.045455,-0.020528,-0.050342,-0.035191,-0.015152,-0.00048876,-0.025415,-0.040567,-0.030303,-0.020528,-0.010264,-0.00048876,-0.025415,0.024438,0.01955,-0.015152,-0.045455,-0.020528,-0.015152,-0.030303,-0.015152,-0.00048876,0.01955,0.034702,0.0043988,-0.015152,-0.040567,-0.045455,-0.025415,-0.015152,-0.035191,-0.050342,-0.0053763,-0.020528,-0.0053763,0.01955,0.01955,0.0097752,0.0097752,-0.0053763,-0.00048876,0.014663,0.0043988,-0.00048876,0.01955,-0.00048876,-0.040567,-0.050342,-0.37586,-0.020528,-0.00048876,-0.015152,-0.0053763,0.039589,0.059629,0.15494,0.24976,0.3348,0.41496,0.54497,0.565,0.41984,0.3348,0.15494,-0.040567,-0.095308,-0.14565,-0.16031,-0.17546,-0.16569,-0.17058,-0.15543,-0.14565,-0.15054,-0.17058,-0.15054,-0.11046,-0.10557,-0.1305,-0.12023,-0.1305,-0.13539,-0.095308,-0.075269,-0.080645,-0.075269,-0.09042,-0.075269,-0.075269,-0.095308,-0.09042,-0.085533,-0.095308,-0.1002,-0.11535,-0.12023,-0.1002,-0.060606,-0.050342,-0.070381,-0.05523,-0.050342,-0.065494,-0.035191,-0.075269,-0.060606,-0.045455,-0.035191,-0.05523,-0.040567,-0.045455,-0.025415,-0.040567,-0.020528,-0.05523,-0.025415,-0.0053763,-0.035191,-0.025415,-0.015152,-0.030303,-0.025415,-0.030303,-0.010264,-0.025415,-0.040567,-0.065494,-0.030303,-0.035191,-0.040567,-0.050342,-0.035191,-0.025415,-0.0053763,-0.020528,-0.015152,-0.00048876,-0.015152,-0.00048876,-0.020528,-0.00048876,-0.015152,0.0097752,0.029814,0.0097752,-0.025415,-0.0053763,-0.015152,-0.37586,-0.00048876,-0.0053763,0.0097752,-0.00048876,0.054741,0.12463,0.21457,0.26979,0.38514,0.48485,0.59531,0.49022,0.34506,0.26979,0.054741,-0.10557,-0.17546,-0.19062,-0.16569,-0.16031,-0.16569,-0.18035,-0.15543,-0.14565,-0.15054,-0.16031,-0.17058,-0.12023,-0.1305,-0.12561,-0.12561,-0.10557,-0.11535,-0.095308,-0.075269,-0.09042,-0.13539,-0.1002,-0.085533,-0.095308,-0.1002,-0.11046,-0.095308,-0.095308,-0.12023,-0.1002,-0.095308,-0.12023,-0.085533,-0.11046,-0.13539,-0.075269,-0.060606,-0.060606,-0.05523,-0.050342,-0.075269,-0.080645,-0.075269,-0.05523,-0.050342,-0.075269,-0.05523,-0.045455,-0.050342,-0.060606,-0.050342,-0.050342,-0.035191,-0.045455,-0.040567,-0.050342,-0.045455,-0.075269,-0.080645,-0.060606,-0.025415,-0.035191,-0.045455,-0.05523,-0.045455,-0.035191,-0.025415,-0.025415,-0.050342,-0.05523,-0.025415,-0.015152,-0.030303,-0.010264,-0.025415,-0.015152,-0.025415,-0.015152,-0.020528,-0.010264,0.0097752,0.014663,-0.00048876,0.0043988,-0.025415,-0.37586,-0.020528,-0.050342,-0.030303,-0.045455,0.049853,0.10948,0.20479,0.28006,0.35484,0.45503,0.52493,0.43011,0.34995,0.26002,0.054741,-0.085533,-0.17058,-0.18573,-0.16031,-0.18573,-0.17058,-0.16569,-0.17546,-0.15054,-0.17058,-0.1305,-0.12023,-0.14565,-0.12023,-0.11535,-0.15054,-0.1305,-0.10557,-0.095308,-0.11535,-0.09042,-0.095308,-0.12023,-0.11046,-0.095308,-0.1002,-0.12561,-0.09042,-0.11046,-0.12023,-0.1002,-0.080645,-0.070381,-0.080645,-0.09042,-0.075269,-0.09042,-0.060606,-0.075269,-0.060606,-0.075269,-0.060606,-0.085533,-0.050342,-0.020528,-0.075269,-0.060606,-0.040567,-0.065494,-0.060606,-0.065494,-0.050342,-0.040567,-0.065494,-0.075269,-0.060606,-0.070381,-0.035191,-0.025415,-0.040567,-0.040567,-0.050342,-0.050342,-0.020528,-0.045455,-0.060606,-0.040567,-0.050342,-0.050342,-0.040567,-0.1002,-0.020528,-0.00048876,-0.05523,-0.030303,-0.0053763,-0.015152,-0.025415,-0.0053763,-0.00048876,0.01955,-0.0053763,-0.040567,-0.0053763,-0.00048876,-0.37586,-0.010264,-0.025415,0.0097752,0.059629,0.11975,0.21457,0.26979,0.35484,0.45015,0.56989,0.52981,0.435,0.3348,0.10459,-0.065494,-0.12023,-0.12023,-0.15543,-0.18573,-0.15543,-0.14027,-0.18035,-0.18035,-0.12561,-0.1002,-0.17058,-0.19062,-0.13539,-0.10557,-0.095308,-0.11046,-0.12023,-0.11535,-0.12023,-0.09042,-0.1002,-0.11535,-0.14027,-0.12023,-0.095308,-0.1002,-0.11046,-0.1002,-0.12023,-0.11535,-0.10557,-0.11535,-0.095308,-0.09042,-0.065494,-0.05523,-0.050342,-0.075269,-0.035191,-0.045455,-0.025415,-0.025415,-0.025415,-0.015152,-0.010264,-0.025415,-0.030303,-0.0053763,0.0097752,0.01955,0.014663,0.0097752,0.01955,0.0043988,0.01955,0.01955,-0.015152,-0.05523,0.024438,0.01955,0.0097752,-0.00048876,0.014663,0.0043988,-0.00048876,0.01955,0.0097752,-0.00048876,0.0097752,0.0043988,0.014663,0.01955,-0.00048876,0.0043988,0.01955,0.01955,0.01955,0.01955,0.0097752,0.044477,0.049853,0.044477,0.024438,0.044477,0.0097752,-0.37586,0.034702,0.01955,-0.00048876,-0.0053763,0.049853,0.10948,0.21994,0.3348,0.41007,0.49511,0.51515,0.34995,0.31965,0.24487,0.014663,-0.095308,-0.1305,-0.15054,-0.16031,-0.14565,-0.1305,-0.16031,-0.16031,-0.17058,-0.17546,-0.1305,-0.12023,-0.12023,-0.1002,-0.11535,-0.12561,-0.095308,-0.095308,-0.09042,-0.10557,-0.095308,-0.095308,-0.080645,-0.075269,-0.080645,-0.085533,-0.065494,-0.070381,-0.060606,-0.05523,-0.075269,-0.070381,-0.075269,-0.080645,-0.065494,-0.05523,-0.025415,-0.030303,-0.020528,-0.015152,-0.035191,-0.030303,-0.045455,-0.040567,-0.035191,-0.025415,-0.030303,-0.025415,-0.035191,-0.025415,-0.00048876,-0.030303,-0.045455,-0.05523,-0.035191,-0.030303,-0.015152,-0.010264,-0.015152,-0.060606,-0.050342,-0.045455,-0.025415,-0.025415,-0.020528,-0.030303,-0.045455,-0.020528,-0.050342,-0.030303,-0.025415,-0.035191,-0.015152,-0.010264,0.0043988,0.01955,-0.00048876,-0.010264,-0.015152,0.0097752,0.014663,-0.020528,-0.040567,-0.015152,-0.37586,0.0043988,-0.020528,-0.020528,0.029814,0.069892,0.12463,0.20479,0.26979,0.37977,0.49511,0.56989,0.45992,0.37488,0.31965,0.099707,-0.10557,-0.16031,-0.17546,-0.1955,-0.21065,-0.20039,-0.17546,-0.16569,-0.15543,-0.16569,-0.15543,-0.14027,-0.12561,-0.1305,-0.14565,-0.15054,-0.1305,-0.11046,-0.095308,-0.10557,-0.12023,-0.12561,-0.10557,-0.11535,-0.11046,-0.10557,-0.095308,-0.1305,-0.15054,-0.095308,-0.12023,-0.14565,-0.080645,-0.080645,-0.060606,-0.050342,-0.050342,-0.045455,-0.040567,-0.05523,-0.040567,-0.025415,-0.00048876,-0.050342,-0.060606,-0.00048876,-0.010264,-0.00048876,0.0043988,0.0043988,0.0097752,-0.00048876,0.0043988,-0.00048876,0.01955,-0.00048876,0.014663,0.01955,-0.00048876,-0.00048876,-0.010264,-0.015152,0.0043988,-0.00048876,-0.025415,-0.00048876,0.014663,0.0043988,-0.010264,-0.020528,-0.00048876,0.0043988,-0.00048876,0.01955,0.024438,0.01955,0.01955,0.014663,0.029814,0.024438,0.034702,0.0097752,-0.020528,-0.010264,-0.37586,-0.00048876,0.024438,0.034702,0.024438,0.064516,0.084555,0.15494,0.25464,0.32991,0.43011,0.54497,0.47507,0.34506,0.31476,0.1349,-0.045455,-0.1002,-0.1305,-0.1305,-0.16031,-0.14027,-0.14565,-0.14565,-0.14027,-0.12023,-0.12023,-0.095308,-0.11535,-0.10557,-0.1002,-0.085533,-0.09042,-0.075269,-0.065494,-0.060606,-0.050342,-0.060606,-0.075269,-0.05523,-0.035191,-0.045455,-0.060606,-0.075269,-0.050342,-0.050342,-0.045455,-0.075269,-0.060606,-0.065494,-0.060606,-0.050342,-0.035191,-0.025415,-0.020528,-0.015152,-0.010264,-0.045455,-0.065494,-0.040567,-0.020528,-0.040567,-0.020528,0.014663,0.01955,-0.00048876,-0.020528,-0.025415,-0.035191,-0.050342,-0.045455,-0.030303,-0.015152,-0.025415,-0.020528,0.0043988,0.0043988,0.0097752,-0.020528,-0.025415,-0.045455,-0.050342,-0.045455,-0.040567,-0.035191,-0.045455,-0.025415,-0.030303,-0.0053763,-0.015152,-0.00048876,-0.00048876,-0.010264,-0.010264,0.0043988,0.014663,0.01955,-0.00048876,-0.0053763,-0.020528,-0.050342,-0.035191,-0.025415,-0.2957,-0.025415,-0.010264,-0.015152,0.044477,0.084555,0.17498,0.24976,0.35484,0.45992,0.565,0.51515,0.39003,0.31476,0.10459,-0.075269,-0.15054,-0.21065,-0.23069,-0.1955,-0.20039,-0.18573,-0.17058,-0.18035,-0.19062,-0.16569,-0.16569,-0.18035,-0.18573,-0.15054,-0.14565,-0.14565,-0.12561,-0.11535,-0.1305,-0.13539,-0.12561,-0.13539,-0.12561,-0.11535,-0.15054,-0.15543,-0.12023,-0.11046,-0.12023,-0.13539,-0.14027,-0.095308,-0.1002,-0.095308,-0.11046,-0.050342,-0.085533,-0.095308,-0.10557,-0.11046,-0.060606,-0.045455,-0.040567,-0.050342,-0.080645,-0.09042,-0.050342,-0.075269,-0.080645,-0.040567,-0.035191,-0.060606,-0.035191,-0.050342,-0.045455,-0.080645,-0.050342,-0.050342,-0.035191,-0.025415,-0.040567,-0.05523,-0.060606,-0.035191,-0.065494,-0.070381,-0.05523,-0.050342,-0.025415,-0.010264,-0.060606,-0.065494,-0.060606,-0.030303,-0.035191,-0.025415,-0.015152,-0.010264,-0.035191,0.01955,-0.0053763,-0.025415,-0.045455,-0.37586,-0.020528,-0.035191,-0.0053763,0.0097752,0.07478,0.099707,0.1999,0.30499,0.40469,0.50978,0.58504,0.47019,0.33969,0.24976,0.044477,-0.11046,-0.15543,-0.18035,-0.17546,-0.18573,-0.18035,-0.1955,-0.19062,-0.16569,-0.16569,-0.16031,-0.15054,-0.16569,-0.14565,-0.12023,-0.11046,-0.12023,-0.1002,-0.11535,-0.1002,-0.080645,-0.095308,-0.09042,-0.095308,-0.1002,-0.075269,-0.1002,-0.085533,-0.075269,-0.095308,-0.065494,-0.050342,-0.09042,-0.050342,-0.040567,-0.040567,-0.030303,-0.045455,-0.025415,-0.030303,-0.025415,-0.025415,-0.050342,-0.020528,-0.025415,-0.020528,-0.010264,-0.00048876,-0.015152,-0.030303,-0.00048876,-0.0053763,-0.015152,-0.00048876,-0.010264,-0.020528,-0.020528,-0.015152,-0.020528,-0.015152,-0.020528,-0.010264,-0.020528,-0.035191,-0.040567,-0.010264,-0.035191,-0.035191,-0.025415,-0.020528,-0.030303,-0.035191,0.0043988,-0.00048876,-0.0053763,-0.0053763,0.0043988,-0.015152,-0.010264,0.0043988,0.029814,0.029814,0.0043988,-0.025415,-0.020528,-0.37586,-0.00048876,0.014663,-0.010264,0.01955,0.044477,0.079668,0.17986,0.24487,0.31965,0.42473,0.50978,0.44477,0.32991,0.26491,0.084555,-0.085533,-0.15054,-0.15543,-0.15054,-0.15543,-0.14565,-0.14565,-0.15054,-0.18573,-0.17058,-0.14565,-0.14565,-0.16569,-0.20528,-0.1305,-0.11535,-0.12023,-0.1305,-0.12561,-0.10557,-0.095308,-0.12023,-0.12561,-0.095308,-0.1002,-0.095308,-0.11046,-0.1002,-0.095308,-0.11046,-0.16031,-0.16569,-0.095308,-0.095308,-0.080645,-0.05523,-0.085533,-0.065494,-0.05523,-0.09042,-0.085533,-0.075269,-0.080645,-0.085533,-0.075269,-0.11046,-0.075269,-0.060606,-0.075269,-0.075269,-0.085533,-0.05523,-0.050342,-0.060606,-0.075269,-0.085533,-0.050342,-0.040567,-0.075269,-0.05523,-0.050342,-0.065494,-0.095308,-0.065494,-0.050342,-0.05523,-0.050342,-0.050342,-0.05523,-0.060606,-0.05523,-0.050342,-0.075269,-0.065494,-0.045455,-0.050342,-0.050342,-0.070381,-0.075269,-0.025415,-0.020528,-0.035191,-0.060606,-0.060606,-0.065494,-0.45552,-0.045455,-0.05523,-0.035191,-0.045455,0.0097752,0.099707,0.1999,0.28006,0.35973,0.46481,0.54008,0.45015,0.3348,0.21457,-0.00048876,-0.1305,-0.19062,-0.23558,-0.22043,-0.20528,-0.22532,-0.20528,-0.1955,-0.21065,-0.21554,-0.19062,-0.17546,-0.18573,-0.15054,-0.17058,-0.18035,-0.12023,-0.11535,-0.12023,-0.12023,-0.12023,-0.11535,-0.13539,-0.11535,-0.1002,-0.12023,-0.12561,-0.11535,-0.10557,-0.12023,-0.1002,-0.095308,-0.095308,-0.080645,-0.05523,-0.080645,-0.085533,-0.10557,-0.065494,-0.075269,-0.050342,-0.045455,-0.050342,-0.070381,-0.050342,-0.030303,-0.040567,-0.025415,-0.015152,-0.030303,-0.020528,-0.010264,-0.00048876,-0.015152,-0.010264,-0.020528,-0.030303,-0.020528,-0.030303,-0.010264,-0.030303,-0.020528,-0.030303,-0.0053763,-0.0053763,-0.025415,-0.025415,-0.030303,-0.025415,-0.015152,-0.0053763,-0.010264,-0.025415,-0.025415,-0.0053763,0.01955,-0.0053763,-0.030303,0.029814,0.034702,0.014663,-0.0053763,-0.0053763,-0.020528,-0.45552,-0.020528,-0.0053763,-0.030303,0.0043988,0.029814,0.049853,0.12952,0.2346,0.31476,0.3998,0.48485,0.50489,0.3348,0.29472,0.15982,-0.040567,-0.1305,-0.14565,-0.15054,-0.15054,-0.14565,-0.15543,-0.13539,-0.14565,-0.13539,-0.14565,-0.13539,-0.12561,-0.11535,-0.12023,-0.095308,-0.095308,-0.095308,-0.085533,-0.075269,-0.075269,-0.11046,-0.065494,-0.050342,-0.075269,-0.070381,-0.065494,-0.080645,-0.060606,-0.080645,-0.1002,-0.080645,-0.070381,-0.075269,-0.065494,-0.075269,-0.060606,-0.080645,-0.05523,-0.045455,-0.050342,-0.025415,-0.050342,-0.045455,-0.050342,-0.060606,-0.060606,-0.050342,-0.045455,-0.030303,-0.050342,-0.05523,-0.045455,-0.060606,-0.035191,-0.010264,-0.050342,-0.035191,-0.020528,-0.015152,-0.045455,-0.030303,-0.025415,-0.040567,-0.030303,-0.025415,-0.025415,-0.020528,-0.05523,-0.020528,-0.015152,-0.010264,0.12463,-0.060606,-0.14565,-0.16569,-0.15054,-0.13539,-0.16569,-0.11046,-0.12561,-0.13539,-0.12561,-0.1305,-0.14565,-0.14027,-0.13539,-0.12561,-0.12023,-0.095308,-0.12561,-0.12023,-0.080645,-0.10557,-0.12023,-0.1002,-0.14565,-0.095308,-0.09042,-0.085533,-0.11535,-0.095308,-0.11535,-0.12561,-0.095308,-0.085533,-0.1002,-0.095308,-0.10557,-0.095308,-0.075269,-0.070381,-0.045455,-0.11046,-0.11535,-0.075269,-0.05523,-0.050342,-0.060606,-0.070381,-0.080645,-0.070381,-0.085533,-0.065494,-0.045455,-0.075269,-0.095308,-0.050342,-0.075269,-0.060606,-0.045455,-0.060606,-0.09042,-0.05523,-0.09042,-0.1002,-0.05523,-0.070381,-0.065494,-0.085533,-0.065494,-0.05523,-0.065494,-0.050342,-0.050342,-0.045455,-0.050342,-0.050342,-0.070381,-0.030303,-0.040567,-0.050342,-0.025415,-0.020528,-0.035191,-0.040567,-0.020528,-0.50049,-0.020528,-0.015152,-0.025415,0.0097752,0.064516,0.10459,0.17986,0.24976,0.35484,0.44477,0.57527,0.58504,0.43011,0.33969,0.15982,-0.015152,-0.11535,-0.14565,-0.17058,-0.1955,-0.16031,-0.15054,-0.14027,-0.12561,-0.12023,-0.12023,-0.11046,-0.11535,-0.1002,-0.11535,-0.095308,-0.09042,-0.080645,-0.065494,-0.080645,-0.095308,-0.080645,-0.050342,-0.045455,-0.060606,-0.045455,-0.075269,-0.070381,-0.09042,-0.080645,-0.045455,-0.045455,-0.035191,-0.040567,-0.050342,-0.035191,-0.030303,-0.020528,-0.010264,-0.015152,-0.0053763,-0.00048876,-0.030303,-0.020528,-0.025415,-0.0053763,-0.010264,0.0043988,-0.010264,0.0097752,-0.0053763,0.0043988,0.029814,0.044477,0.024438,0.0097752,0.014663,0.0097752,-0.00048876,0.0097752,0.0043988,-0.015152,-0.035191,-0.015152,-0.00048876,0.01955,-0.0053763,-0.00048876,0.0097752,0.014663,0.0043988,0.0097752,0.0097752,0.01955,0.0043988,0.014663,-0.0053763,0.024438,-0.010264,0.049853,0.069892,0.034702,0.01955,0.0043988,-0.00048876,0.0043988,-0.37586,0.024438,0.01955,0.029814,0.054741,0.094819,0.14956,0.23998,0.3651,0.43988,0.54497,0.56989,0.45015,0.35973,0.20479,0.0097752,-0.095308,-0.11535,-0.12023,-0.14565,-0.15543,-0.12023,-0.16031,-0.13539,-0.12023,-0.11046,-0.12023,-0.095308,-0.095308,-0.085533,-0.075269,-0.080645,-0.095308,-0.075269,-0.060606,-0.070381,-0.060606,-0.085533,-0.095308,-0.060606,-0.050342,-0.060606,-0.065494,-0.075269,-0.085533,-0.050342,-0.070381,-0.05523,-0.050342,-0.050342,-0.035191,-0.010264,-0.025415,-0.050342,-0.025415,0.0043988,-0.0053763,-0.00048876,-0.00048876,0.0043988,-0.030303,-0.045455,-0.0053763,0.0097752,-0.00048876,0.0043988,-0.00048876,0.014663,-0.015152,-0.015152,-0.00048876,0.01955,0.01955,0.0043988,-0.010264,0.0043988,0.0097752,-0.015152,-0.00048876,0.01955,-0.00048876,0.0043988,0.0097752,0.0043988,0.029814,0.039589,0.01955,0.0097752,0.044477,0.039589,0.044477,0.044477,0.044477,0.024438,-0.010264,0.024438,0.014663,-0.030303,-0.0053763,-0.00048876,-0.37586,0.0043988,0.01955,0.0097752,0.01955,0.034702,0.079668,0.1696,0.26002,0.34995,0.45015,0.55523,0.6002,0.435,0.3348,0.20479,-0.0053763,-0.1002,-0.14565,-0.15054,-0.16569,-0.16031,-0.18573,-0.12561,-0.1305,-0.11046,-0.095308,-0.11535,-0.12561,-0.09042,-0.080645,-0.095308,-0.085533,-0.09042,-0.080645,-0.075269,-0.070381,-0.085533,-0.075269,-0.05523,-0.050342,-0.095308,-0.1002,-0.075269,-0.070381,-0.075269,-0.060606,-0.060606,-0.080645,-0.045455,-0.030303,-0.025415,-0.030303,-0.020528,-0.020528,-0.050342,-0.035191,-0.025415,-0.045455,-0.0053763,-0.00048876,-0.015152,-0.00048876,-0.020528,-0.00048876,-0.010264,-0.015152,-0.010264,-0.020528,-0.010264,0.0097752,-0.0053763,-0.045455,-0.030303,-0.020528,-0.010264,-0.025415,-0.00048876,-0.015152,-0.020528,-0.015152,-0.010264,-0.020528,-0.025415,-0.020528,-0.015152,-0.020528,-0.025415,-0.00048876,0.0043988,-0.015152,-0.035191,-0.0053763,0.014663,0.01955,0.01955,-0.0053763,-0.0053763,0.0097752,-0.00048876,0.014663,-0.00048876,-0.37586,0.01955,-0.0053763,-0.025415,0.014663,0.059629,0.12952,0.22483,0.30987,0.38514,0.48485,0.52981,0.38514,0.3001,0.21994,0.029814,-0.10557,-0.16569,-0.17058,-0.17546,-0.16031,-0.15054,-0.15543,-0.16569,-0.15543,-0.14565,-0.1305,-0.12561,-0.14027,-0.14565,-0.11046,-0.11535,-0.095308,-0.1002,-0.095308,-0.1002,-0.10557,-0.075269,-0.085533,-0.085533,-0.080645,-0.09042,-0.085533,-0.10557,-0.075269,-0.080645,-0.085533,-0.065494,-0.075269,-0.095308,-0.075269,-0.080645,-0.070381,-0.065494,-0.05523,-0.045455,-0.035191,-0.050342,-0.045455,-0.010264,-0.0053763,-0.040567,-0.050342,-0.00048876,-0.00048876,-0.015152,-0.020528,-0.0053763,-0.020528,-0.010264,-0.020528,-0.030303,-0.035191,-0.020528,-0.025415,-0.015152,-0.0053763,-0.045455,-0.050342,-0.025415,-0.025415,-0.025415,-0.030303,-0.025415,-0.00048876,0.014663,0.0097752,-0.00048876,-0.0053763,0.0043988,0.01955,0.039589,0.049853,0.01955,0.01955,0.014663,0.0097752,-0.00048876,-0.0053763,-0.00048876,-0.025415,-0.37586,0.014663,0.01955,0.039589,0.054741,0.099707,0.18475,0.28495,0.35973,0.44477,0.52493,0.55523,0.39003,0.34506,0.17986,-0.00048876,-0.09042,-0.14027,-0.15543,-0.16569,-0.17546,-0.18573,-0.14027,-0.13539,-0.13539,-0.13539,-0.1305,-0.11046,-0.1002,-0.12561,-0.14027,-0.095308,-0.11535,-0.085533,-0.075269,-0.11535,-0.095308,-0.075269,-0.095308,-0.080645,-0.05523,-0.085533,-0.11046,-0.080645,-0.075269,-0.080645,-0.065494,-0.09042,-0.10557,-0.1002,-0.095308,-0.075269,-0.075269,-0.060606,-0.05523,-0.050342,-0.070381,-0.11046,-0.075269,-0.05523,-0.050342,-0.065494,-0.050342,-0.035191,-0.015152,-0.030303,-0.050342,-0.040567,-0.025415,-0.015152,-0.065494,-0.045455,-0.030303,-0.065494,-0.025415,-0.015152,-0.050342,-0.05523,-0.035191,-0.045455,-0.030303,-0.040567,-0.030303,-0.045455,-0.020528,-0.050342,-0.035191,-0.025415,-0.030303,-0.040567,-0.020528,-0.010264,-0.030303,0.01955,-0.0053763,-0.035191,-0.025415,-0.0053763,-0.020528,-0.45552,-0.00048876,-0.0053763,-0.010264,0.0097752,0.069892,0.11975,0.21994,0.29472,0.43011,0.565,0.65005,0.49511,0.37488,0.29472,0.094819,-0.080645,-0.14027,-0.17546,-0.18573,-0.17058,-0.16031,-0.14565,-0.14565,-0.14565,-0.14027,-0.1305,-0.1305,-0.12023,-0.11046,-0.1002,-0.12023,-0.1002,-0.095308,-0.1002,-0.095308,-0.09042,-0.095308,-0.1002,-0.075269,-0.065494,-0.070381,-0.070381,-0.075269,-0.070381,-0.080645,-0.045455,-0.050342,-0.040567,-0.025415,-0.030303,-0.045455,-0.025415,-0.025415,-0.010264,-0.05523,-0.060606,-0.015152,-0.025415,-0.025415,-0.030303,-0.020528,-0.015152,-0.05523,0.0043988,-0.0053763,-0.015152,-0.020528,-0.010264,-0.015152,-0.0053763,-0.010264,-0.010264,-0.015152,-0.025415,-0.035191,-0.040567,-0.030303,-0.010264,-0.025415,-0.030303,-0.010264,-0.0053763,-0.010264,-0.020528,-0.025415,-0.010264,-0.025415,-0.0053763,-0.00048876,-0.00048876,-0.0053763,0.024438,0.029814,0.014663,0.034702,0.0043988,-0.010264,-0.030303,-0.030303,-0.080645,-0.45552,-0.015152,-0.00048876,0.0043988,0.014663,0.0043988,0.099707,0.20479,0.28983,0.39003,0.47996,0.53519,0.43011,0.34995,0.29472,0.089932,-0.09042,-0.15543,-0.17546,-0.19062,-0.1955,-0.14565,-0.16569,-0.17546,-0.16569,-0.16031,-0.16569,-0.14027,-0.16569,-0.13539,-0.12023,-0.12561,-0.10557,-0.12023,-0.1305,-0.14027,-0.095308,-0.085533,-0.11046,-0.11535,-0.09042,-0.080645,-0.1002,-0.09042,-0.075269,-0.070381,-0.075269,-0.05523,-0.045455,-0.075269,-0.09042,-0.065494,-0.050342,-0.040567,-0.050342,-0.040567,-0.065494,-0.1002,-0.080645,-0.035191,-0.075269,-0.070381,-0.1002,-0.045455,-0.050342,-0.060606,-0.050342,-0.050342,-0.050342,-0.050342,-0.060606,-0.05523,-0.075269,-0.05523,-0.060606,-0.025415,-0.065494,-0.085533,-0.080645,-0.040567,-0.030303,-0.060606,-0.075269,-0.05523,-0.060606,-0.025415,-0.050342,-0.065494,-0.070381,-0.050342,-0.040567,-0.050342,-0.025415,-0.040567,-0.025415,-0.015152,-0.035191,-0.025415,-0.075269,-0.070381,-0.45552,-0.040567,-0.025415,-0.010264,-0.020528,0.064516,0.099707,0.23998,0.31965,0.41496,0.51515,0.60508,0.46481,0.35484,0.27468,0.059629,-0.075269,-0.13539,-0.1955,-0.19062,-0.19062,-0.17546,-0.16569,-0.16031,-0.15054,-0.17058,-0.13539,-0.14565,-0.14027,-0.1305,-0.11535,-0.10557,-0.095308,-0.095308,-0.085533,-0.11046,-0.11535,-0.075269,-0.070381,-0.10557,-0.075269,-0.070381,-0.045455,-0.025415,-0.045455,-0.050342,-0.070381,-0.085533,-0.070381,-0.030303,-0.025415,-0.065494,-0.025415,-0.035191,-0.060606,-0.050342,-0.075269,-0.035191,-0.00048876,0.01955,-0.015152,-0.035191,-0.050342,-0.030303,-0.025415,-0.05523,-0.070381,-0.05523,-0.050342,-0.025415,-0.020528,-0.00048876,0.0097752,-0.020528,-0.015152,-0.050342,-0.065494,-0.040567,-0.030303,-0.040567,0.014663,-0.015152,-0.035191,-0.050342,-0.030303,-0.020528,-0.035191,-0.020528,-0.00048876,-0.035191,-0.020528,-0.030303,-0.020528,-0.025415,-0.010264,-0.00048876,-0.0053763,0.014663,-0.025415,-0.035191,-0.050342,-0.45552,-0.015152,-0.020528,-0.0053763,0.01955,0.044477,0.13978,0.21994,0.30499,0.41496,0.52981,0.56989,0.41984,0.32502,0.20968,-0.0053763,-0.15543,-0.1955,-0.21065,-0.19062,-0.18573,-0.19062,-0.18035,-0.19062,-0.21065,-0.16031,-0.14565,-0.17058,-0.18035,-0.14027,-0.15543,-0.13539,-0.10557,-0.1305,-0.15054,-0.10557,-0.12023,-0.1305,-0.1002,-0.095308,-0.12561,-0.1002,-0.12023,-0.095308,-0.1305,-0.11046,-0.095308,-0.080645,-0.095308,-0.075269,-0.085533,-0.09042,-0.080645,-0.060606,-0.070381,-0.1002,-0.035191,-0.025415,-0.025415,-0.045455,-0.035191,-0.050342,-0.030303,-0.025415,-0.020528,-0.0053763,-0.010264,-0.00048876,-0.010264,-0.0053763,-0.015152,-0.010264,-0.025415,-0.00048876,-0.00048876,-0.00048876,0.014663,0.01955,-0.020528,-0.015152,-0.025415,-0.00048876,0.0097752,-0.025415,0.0043988,0.014663,-0.00048876,-0.00048876,0.01955,0.024438,0.034702,0.0097752,-0.015152,0.014663,0.029814,0.01955,0.0043988,-0.0053763,-0.00048876,-0.0053763,-0.37586,0.01955,-0.0053763,0.014663,0.039589,0.07478,0.14956,0.2346,0.34506,0.41007,0.54985,0.58993,0.41007,0.33969,0.1999,-0.0053763,-0.09042,-0.12023,-0.14565,-0.16569,-0.15543,-0.16569,-0.14027,-0.13539,-0.12023,-0.1305,-0.12023,-0.1002,-0.1002,-0.095308,-0.11535,-0.11046,-0.075269,-0.065494,-0.075269,-0.070381,-0.060606,-0.050342,-0.05523,-0.075269,-0.075269,-0.045455,-0.060606,-0.05523,-0.070381,-0.060606,-0.075269,-0.050342,-0.045455,-0.040567,-0.050342,-0.060606,-0.05523,-0.045455,-0.030303,-0.050342,-0.030303,-0.025415,-0.040567,-0.030303,-0.020528,-0.025415,-0.025415,-0.030303,-0.025415,-0.015152,-0.010264,-0.025415,-0.010264,-0.015152,-0.020528,-0.020528,-0.025415,-0.030303,-0.025415,-0.020528,-0.030303,-0.025415,-0.015152,-0.030303,-0.045455,-0.020528,-0.00048876,-0.0053763,-0.00048876,-0.040567,-0.0053763,-0.00048876,-0.020528,-0.010264,-0.00048876,-0.00048876,-0.00048876,-0.020528,0.0043988,0.014663,-0.0053763,0.01955,-0.0053763,-0.025415,-0.050342,-0.37586,-0.00048876,-0.025415,-0.00048876,0.01955,0.054741,0.099707,0.20968,0.28983,0.37977,0.45992,0.53519,0.37977,0.3001,0.24487,0.059629,-0.085533,-0.1305,-0.16031,-0.16569,-0.18035,-0.17058,-0.16569,-0.15054,-0.13539,-0.14565,-0.12561,-0.10557,-0.1002,-0.11046,-0.1002,-0.12023,-0.1002,-0.095308,-0.09042,-0.095308,-0.095308,-0.1002,-0.080645,-0.085533,-0.080645,-0.080645,-0.095308,-0.09042,-0.1002,-0.09042,-0.075269,-0.060606,-0.05523,-0.070381,-0.080645,-0.070381,-0.045455,-0.035191,-0.045455,-0.025415,-0.040567,-0.050342,-0.050342,-0.040567,-0.045455,-0.035191,-0.045455,-0.020528,-0.030303,-0.060606,-0.015152,-0.010264,-0.030303,-0.00048876,-0.010264,-0.0053763,-0.010264,0.014663,-0.0053763,-0.015152,-0.010264,-0.010264,-0.015152,-0.010264,-0.00048876,-0.0053763,-0.025415,-0.020528,-0.030303,-0.010264,-0.025415,-0.015152,0.0043988,-0.010264,-0.020528,-0.010264,-0.00048876,-0.010264,-0.00048876,0.0097752,0.01955,-0.035191,-0.040567,-0.025415,-0.025415,-0.37586,-0.0053763,-0.0053763,-0.00048876,0.014663,0.039589,0.11975,0.22483,0.30987,0.41007,0.50978,0.53519,0.41007,0.32502,0.20479,-0.025415,-0.12023,-0.17546,-0.18035,-0.17058,-0.16569,-0.15543,-0.14027,-0.1305,-0.11535,-0.12023,-0.12023,-0.12023,-0.12561,-0.14565,-0.12023,-0.13539,-0.12023,-0.15054,-0.12023,-0.12023,-0.10557,-0.080645,-0.095308,-0.095308,-0.1002,-0.095308,-0.095308,-0.075269,-0.075269,-0.1002,-0.1002,-0.065494,-0.05523,-0.065494,-0.040567,-0.050342,-0.040567,-0.030303,-0.050342,-0.040567,-0.045455,-0.040567,-0.050342,-0.035191,-0.020528,-0.060606,-0.030303,-0.040567,-0.015152,-0.0053763,-0.05523,-0.060606,-0.030303,-0.00048876,-0.030303,-0.045455,-0.025415,-0.030303,-0.035191,-0.015152,-0.060606,-0.065494,-0.00048876,0.0097752,-0.045455,-0.05523,-0.00048876,-0.015152,-0.045455,-0.025415,-0.025415,-0.020528,-0.025415,0.014663,-0.00048876,0.0097752,-0.010264,0.01955,0.024438,0.0043988,-0.0053763,-0.0053763,-0.025415,-0.020528,-0.37586,-0.015152,-0.030303,0.034702,0.039589,0.089932,0.18964,0.28006,0.39003,0.46481,0.59531,0.53519,0.3998,0.33969,0.17498,-0.050342,-0.1305,-0.15054,-0.15543,-0.18573,-0.16569,-0.16569,-0.14027,-0.14565,-0.12023,-0.1002,-0.095308,-0.1305,-0.1002,-0.11046,-0.11535,-0.095308,-0.09042,-0.095308,-0.09042,-0.075269,-0.075269,-0.070381,-0.070381,-0.09042,-0.1002,-0.050342,-0.05523,-0.075269,-0.075269,-0.070381,-0.070381,-0.065494,-0.060606,-0.075269,-0.075269,-0.085533,-0.060606,-0.09042,-0.095308,-0.035191,-0.025415,-0.050342,-0.050342,-0.050342,-0.05523,-0.045455,-0.045455,-0.050342,-0.040567,-0.045455,-0.030303,-0.040567,-0.035191,-0.040567,-0.025415,-0.025415,-0.030303,-0.050342,-0.020528,-0.015152,-0.035191,-0.025415,-0.035191,-0.020528,-0.030303,-0.025415,-0.015152,-0.00048876,-0.020528,-0.030303,-0.0053763,0.0043988,-0.010264,-0.00048876,-0.025415,-0.015152,-0.045455,-0.025415,-0.045455,-0.020528,-0.030303,-0.0053763,0.029814,0.039589,-0.2957,0.039589,-0.00048876,-0.0053763,-0.0053763,0.014663,0.064516,0.14956,0.24487,0.35484,0.45015,0.53519,0.41984,0.32991,0.28495,0.044477,-0.070381,-0.09042,-0.1305,-0.15054,-0.13539,-0.15054,-0.17058,-0.17546,-0.14565,-0.12023,-0.14565,-0.13539,-0.12561,-0.13539,-0.10557,-0.1002,-0.11535,-0.12023,-0.1002,-0.10557,-0.085533,-0.060606,-0.085533,-0.065494,-0.045455,-0.070381,-0.085533,-0.080645,-0.095308,-0.060606,-0.05523,-0.070381,-0.075269,-0.070381,-0.080645,-0.060606,-0.075269,-0.035191,-0.045455,-0.050342,-0.025415,-0.040567,-0.045455,-0.015152,-0.00048876,-0.05523,-0.065494,-0.060606,-0.05523,-0.060606,-0.025415,-0.045455,-0.065494,-0.030303,-0.050342,-0.060606,-0.050342,-0.040567,-0.050342,-0.050342,-0.040567,-0.040567,-0.030303,-0.030303,-0.050342,-0.050342,-0.050342,-0.050342,-0.060606,-0.030303,-0.025415,-0.030303,-0.035191,-0.025415,-0.050342,-0.010264,0.0043988,-0.0053763,-0.020528,-0.00048876,0.0043988,-0.020528,-0.030303,-0.035191,-0.37586,-0.010264,-0.025415,-0.00048876,0.0097752,0.054741,0.11975,0.21994,0.29472,0.37488,0.52493,0.61486,0.48485,0.38514,0.28006,0.059629,-0.10557,-0.15054,-0.15543,-0.17058,-0.1955,-0.16031,-0.15054,-0.16031,-0.14027,-0.14565,-0.12561,-0.13539,-0.11535,-0.10557,-0.095308,-0.095308,-0.10557,-0.11046,-0.095308,-0.080645,-0.075269,-0.095308,-0.09042,-0.085533,-0.1002,-0.085533,-0.095308,-0.085533,-0.095308,-0.075269,-0.075269,-0.065494,-0.075269,-0.070381,-0.080645,-0.065494,-0.065494,-0.060606,-0.080645,-0.095308,-0.045455,-0.025415,-0.050342,-0.050342,-0.050342,-0.05523,-0.040567,-0.050342,-0.050342,-0.045455,-0.040567,-0.035191,-0.030303,-0.060606,-0.030303,-0.025415,-0.030303,-0.025415,-0.025415,-0.05523,-0.045455,-0.035191,-0.045455,-0.060606,-0.045455,-0.035191,-0.025415,-0.040567,-0.045455,-0.010264,-0.030303,-0.050342,-0.040567,-0.030303,-0.035191,-0.020528,-0.010264,-0.025415,-0.030303,0.014663,-0.030303,-0.045455,-0.045455,-0.040567,-0.45552,-0.0053763,-0.025415,-0.025415,-0.025415,0.024438,0.069892,0.15494,0.24487,0.3348,0.41007,0.50489,0.42473,0.30987,0.24976,0.079668,-0.080645,-0.14027,-0.16569,-0.17058,-0.15543,-0.18573,-0.20039,-0.15054,-0.12561,-0.17058,-0.16569,-0.13539,-0.12561,-0.14565,-0.1305,-0.12023,-0.13539,-0.12023,-0.10557,-0.095308,-0.085533,-0.1002,-0.11046,-0.09042,-0.075269,-0.09042,-0.11046,-0.080645,-0.070381,-0.070381,-0.095308,-0.1002,-0.050342,-0.050342,-0.075269,-0.05523,-0.050342,-0.040567,-0.040567,-0.030303,-0.040567,-0.050342,-0.050342,-0.040567,-0.050342,-0.045455,-0.040567,-0.060606,-0.040567,-0.060606,-0.020528,-0.0053763,-0.010264,-0.015152,-0.010264,-0.020528,-0.015152,-0.025415,-0.015152,-0.015152,-0.010264,-0.030303,-0.040567,-0.020528,-0.025415,-0.030303,-0.020528,-0.025415,-0.010264,-0.015152,-0.025415,-0.00048876,-0.0053763,-0.030303,-0.0053763,0.0043988,-0.0053763,0.0043988,0.0097752,0.01955,0.0043988,-0.010264,-0.015152,-0.00048876,-0.37586,0.0097752,-0.00048876,0.014663,0.0097752,0.044477,0.079668,0.17498,0.24976,0.34995,0.43011,0.55523,0.58016,0.39003,0.28983,0.099707,-0.040567,-0.12023,-0.16031,-0.16569,-0.15054,-0.14565,-0.15054,-0.17058,-0.14027,-0.14565,-0.14027,-0.12023,-0.12561,-0.12023,-0.12561,-0.11046,-0.11535,-0.1002,-0.080645,-0.080645,-0.075269,-0.080645,-0.075269,-0.070381,-0.080645,-0.085533,-0.085533,-0.12023,-0.095308,-0.070381,-0.065494,-0.060606,-0.065494,-0.065494,-0.060606,-0.05523,-0.040567,-0.035191,-0.050342,-0.025415,-0.050342,-0.025415,-0.015152,-0.035191,-0.050342,-0.045455,-0.030303,-0.010264,-0.010264,-0.0053763,-0.030303,-0.015152,-0.0053763,-0.010264,-0.020528,-0.020528,-0.0053763,-0.00048876,-0.020528,-0.025415,-0.010264,-0.0053763,-0.0053763,-0.020528,-0.020528,-0.045455,-0.020528,-0.0053763,-0.00048876,-0.00048876,0.0097752,-0.00048876,-0.00048876,0.0097752,-0.015152,-0.025415,0.029814,0.014663,0.014663,0.024438,0.014663,-0.0053763,-0.010264,-0.0053763,-0.2957,0.0043988,0.0097752,-0.00048876,0.0043988,0.059629,0.11486,0.21457,0.26491,0.37488,0.47019,0.59531,0.52493,0.37977,0.28495,0.099707,-0.045455,-0.13539,-0.15543,-0.15054,-0.14027,-0.14565,-0.15543,-0.13539,-0.14027,-0.15543,-0.16569,-0.16031,-0.18035,-0.12023,-0.1002,-0.1305,-0.12561,-0.1305,-0.15054,-0.11046,-0.085533,-0.10557,-0.11535,-0.095308,-0.10557,-0.095308,-0.12023,-0.14027,-0.11535,-0.12023,-0.11046,-0.075269,-0.070381,-0.085533,-0.09042,-0.070381,-0.050342,-0.040567,-0.080645,-0.065494,-0.045455,-0.035191,-0.050342,-0.05523,-0.070381,-0.045455,-0.050342,-0.065494,-0.075269,-0.025415,-0.050342,-0.050342,-0.045455,-0.045455,-0.040567,-0.030303,-0.05523,-0.045455,-0.035191,-0.075269,-0.050342,-0.070381,-0.050342,-0.030303,-0.050342,-0.040567,-0.050342,-0.060606,-0.045455,-0.050342,-0.035191,-0.05523,-0.050342,-0.025415,-0.015152,-0.00048876,-0.025415,-0.030303,-0.00048876,0.0043988,-0.070381,-0.030303,-0.025415,-0.05523,-0.37586,-0.0053763,-0.040567,-0.010264,0.029814,0.089932,0.17498,0.24487,0.34506,0.45503,0.57527,0.60997,0.39492,0.31965,0.16471,-0.065494,-0.16031,-0.19062,-0.24047,-0.1955,-0.17546,-0.18035,-0.14565,-0.18573,-0.20528,-0.17546,-0.14565,-0.13539,-0.12023,-0.1305,-0.14027,-0.11535,-0.12561,-0.12561,-0.095308,-0.085533,-0.095308,-0.075269,-0.075269,-0.070381,-0.085533,-0.065494,-0.075269,-0.075269,-0.080645,-0.085533,-0.075269,-0.05523,-0.075269,-0.065494,-0.075269,-0.080645,-0.065494,-0.050342,-0.050342,-0.065494,-0.070381,-0.070381,-0.060606,-0.060606,-0.065494,-0.040567,-0.030303,-0.025415,-0.025415,-0.020528,-0.050342,-0.025415,-0.015152,-0.025415,-0.030303,-0.015152,-0.0053763,-0.020528,-0.030303,-0.020528,-0.030303,-0.040567,-0.025415,-0.030303,-0.025415,-0.050342,-0.035191,-0.025415,-0.025415,-0.025415,-0.030303,-0.0053763,-0.010264,-0.025415,-0.0053763,-0.00048876,-0.0053763,-0.015152,-0.020528,0.0097752,-0.0053763,-0.015152,-0.010264,-0.015152,-0.37586,0.0043988,-0.025415,-0.010264,-0.0053763,0.01955,0.099707,0.1999,0.29472,0.38514,0.47507,0.52004,0.37488,0.30987,0.19501,0.0043988,-0.10557,-0.15054,-0.14565,-0.16031,-0.14565,-0.14565,-0.15054,-0.16031,-0.1305,-0.13539,-0.1305,-0.12023,-0.12023,-0.1002,-0.095308,-0.11046,-0.10557,-0.095308,-0.095308,-0.075269,-0.065494,-0.075269,-0.065494,-0.080645,-0.075269,-0.070381,-0.05523,-0.080645,-0.095308,-0.065494,-0.070381,-0.060606,-0.060606,-0.05523,-0.075269,-0.035191,-0.030303,-0.025415,-0.035191,-0.025415,-0.040567,-0.050342,-0.070381,-0.050342,-0.050342,-0.040567,-0.050342,-0.050342,-0.045455,-0.030303,-0.035191,-0.00048876,-0.040567,-0.050342,-0.030303,-0.030303,-0.020528,-0.0053763,0.0043988,-0.025415,-0.020528,-0.025415,-0.015152,-0.020528,-0.020528,-0.035191,-0.045455,-0.050342,-0.035191,-0.020528,-0.035191,-0.010264,0.0043988,-0.00048876,-0.015152,-0.015152,-0.010264,0.0043988,-0.00048876,0.0043988,0.0043988,-0.00048876,-0.010264,-0.020528,-0.37586,-0.00048876,-0.00048876,0.01955,0.014663,0.039589,0.10948,0.20479,0.26979,0.37488,0.45503,0.56012,0.45992,0.34995,0.25464,0.064516,-0.080645,-0.15054,-0.17546,-0.16569,-0.14565,-0.14565,-0.14565,-0.14565,-0.14565,-0.14027,-0.12561,-0.12023,-0.12023,-0.12023,-0.11535,-0.12561,-0.11046,-0.11535,-0.080645,-0.075269,-0.065494,-0.065494,-0.070381,-0.080645,-0.085533,-0.075269,-0.065494,-0.075269,-0.065494,-0.060606,-0.070381,-0.065494,-0.05523,-0.035191,-0.030303,-0.05523,-0.060606,-0.025415,-0.020528,-0.045455,-0.040567,-0.050342,-0.045455,-0.040567,-0.040567,-0.015152,-0.010264,-0.050342,-0.060606,-0.065494,-0.035191,-0.030303,-0.025415,-0.035191,-0.040567,-0.025415,-0.050342,-0.025415,-0.050342,-0.040567,-0.025415,-0.020528,-0.065494,-0.050342,-0.040567,-0.025415,-0.035191,-0.025415,-0.015152,-0.030303,-0.045455,-0.045455,-0.035191,-0.045455,-0.00048876,0.014663,-0.015152,-0.0053763,-0.025415,-0.010264,-0.025415,-0.040567,-0.045455,-0.025415,-0.37586,-0.010264,-0.040567,-0.025415,0.0097752,0.059629,0.10948,0.1999,0.28006,0.38514,0.49511,0.53519,0.41496,0.34506,0.17986,-0.050342,-0.16031,-0.19062,-0.19062,-0.18573,-0.18035,-0.17546,-0.1955,-0.17546,-0.15054,-0.1305,-0.12561,-0.12023,-0.10557,-0.11046,-0.1002,-0.10557,-0.1002,-0.095308,-0.075269,-0.080645,-0.070381,-0.05523,-0.045455,-0.080645,-0.065494,-0.070381,-0.065494,-0.080645,-0.070381,-0.09042,-0.080645,-0.060606,-0.050342,-0.070381,-0.075269,-0.050342,-0.060606,-0.070381,-0.05523,-0.030303,-0.025415,-0.010264,-0.025415,-0.025415,-0.020528,-0.030303,-0.025415,-0.010264,-0.025415,-0.010264,-0.0053763,-0.010264,-0.0053763,-0.015152,-0.020528,-0.015152,-0.030303,-0.010264,-0.015152,-0.025415,-0.025415,-0.020528,-0.025415,-0.015152,-0.025415,-0.015152,-0.0053763,-0.010264,-0.030303,-0.035191,-0.0053763,-0.0053763,-0.00048876,-0.00048876,0.014663,0.0043988,0.0097752,0.01955,0.01955,-0.00048876,-0.010264,-0.045455,-0.020528,-0.37586,0.014663,0.029814,-0.0053763,-0.00048876,0.039589,0.07478,0.14956,0.22972,0.32502,0.40469,0.5,0.52493,0.33969,0.28983,0.12952,-0.050342,-0.1002,-0.14565,-0.15543,-0.14565,-0.1305,-0.1305,-0.13539,-0.13539,-0.14027,-0.14565,-0.12561,-0.12023,-0.12023,-0.10557,-0.1002,-0.095308,-0.09042,-0.095308,-0.080645,-0.075269,-0.085533,-0.075269,-0.060606,-0.050342,-0.060606,-0.075269,-0.095308,-0.095308,-0.080645,-0.080645,-0.09042,-0.075269,-0.060606,-0.050342,-0.05523,-0.060606,-0.050342,-0.045455,-0.060606,-0.050342,-0.015152,-0.00048876,-0.025415,-0.040567,-0.045455,-0.040567,-0.035191,-0.045455,-0.050342,-0.025415,-0.030303,-0.035191,-0.035191,-0.030303,-0.050342,-0.045455,-0.020528,-0.045455,-0.050342,-0.040567,-0.030303,-0.035191,-0.040567,-0.030303,-0.025415,-0.080645,-0.030303,-0.020528,-0.030303,-0.05523,-0.050342,-0.050342,-0.030303,-0.025415,-0.040567,-0.050342,-0.035191,-0.020528,-0.015152,-0.050342,-0.050342,-0.065494,-0.05523,-0.37586,-0.035191,-0.060606,-0.025415,-0.00048876,0.059629,0.1349,0.22972,0.29472,0.38514,0.5,0.54985,0.40469,0.32991,0.19501,-0.025415,-0.15054,-0.19062,-0.19062,-0.19062,-0.21554,-0.22043,-0.20528,-0.1955,-0.23069,-0.17058,-0.16031,-0.16569,-0.14027,-0.14027,-0.14565,-0.1305,-0.12023,-0.10557,-0.1305,-0.10557,-0.1002,-0.1002,-0.12561,-0.13539,-0.11046,-0.12023,-0.12023,-0.15054,-0.16031,-0.11046,-0.12561,-0.11535,-0.1002,-0.095308,-0.080645,-0.075269,-0.080645,-0.060606,-0.030303,-0.025415,-0.030303,-0.040567,-0.030303,-0.025415,-0.025415,-0.040567,-0.035191,-0.025415,-0.015152,-0.015152,-0.0053763,-0.025415,0.0043988,-0.0053763,-0.010264,-0.025415,-0.025415,-0.05523,-0.045455,-0.040567,-0.040567,-0.035191,-0.030303,-0.040567,-0.025415,-0.025415,-0.030303,-0.025415,-0.025415,-0.0053763,-0.0053763,-0.00048876,-0.015152,-0.00048876,-0.0053763,-0.00048876,-0.010264,-0.025415,-0.010264,-0.0053763,-0.030303,-0.045455,-0.37586,-0.010264,-0.015152,-0.015152,-0.00048876,0.034702,0.084555,0.15982,0.24487,0.33969,0.3998,0.5,0.51515,0.35484,0.27468,0.089932,-0.065494,-0.15054,-0.15054,-0.16569,-0.16569,-0.16569,-0.15543,-0.16569,-0.16569,-0.14565,-0.14027,-0.12561,-0.11046,-0.11535,-0.10557,-0.095308,-0.14027,-0.10557,-0.095308,-0.095308,-0.095308,-0.09042,-0.080645,-0.075269,-0.085533,-0.080645,-0.075269,-0.075269,-0.085533,-0.075269,-0.085533,-0.095308,-0.065494,-0.050342,-0.05523,-0.045455,-0.075269,-0.09042,-0.05523,-0.030303,-0.025415,-0.050342,-0.045455,-0.050342,-0.025415,-0.045455,-0.060606,-0.065494,-0.040567,-0.035191,-0.045455,-0.050342,-0.030303,-0.035191,-0.035191,-0.040567,-0.040567,-0.035191,-0.025415,-0.025415,-0.045455,-0.030303,-0.015152,-0.045455,-0.025415,-0.045455,-0.050342,-0.035191,-0.030303,-0.050342,-0.015152,-0.010264,-0.015152,-0.025415,-0.025415,-0.010264,-0.0053763,-0.00048876,-0.015152,-0.00048876,-0.0053763,0.0097752,-0.045455,-0.030303,-0.050342,-0.37586,-0.010264,-0.0053763,-0.015152,-0.00048876,0.034702,0.07478,0.15494,0.22483,0.33969,0.44477,0.56012,0.49022,0.3651,0.26491,0.089932,-0.080645,-0.14565,-0.18035,-0.19062,-0.20039,-0.16569,-0.16569,-0.15543,-0.16031,-0.15543,-0.16031,-0.13539,-0.14027,-0.14027,-0.12561,-0.10557,-0.095308,-0.11046,-0.10557,-0.11535,-0.10557,-0.095308,-0.1002,-0.12023,-0.095308,-0.095308,-0.10557,-0.11046,-0.10557,-0.11046,-0.09042,-0.095308,-0.065494,-0.05523,-0.065494,-0.060606,-0.050342,-0.040567,-0.050342,-0.025415,-0.035191,-0.035191,-0.050342,-0.05523,-0.020528,-0.025415,-0.040567,-0.030303,-0.020528,-0.025415,-0.030303,-0.020528,-0.030303,-0.040567,-0.045455,-0.035191,-0.040567,-0.05523,-0.030303,-0.010264,-0.025415,-0.035191,-0.025415,-0.035191,-0.020528,-0.040567,-0.035191,-0.050342,-0.035191,-0.030303,-0.020528,-0.025415,-0.010264,-0.020528,-0.00048876,-0.015152,0.01955,0.014663,0.014663,0.029814,0.014663,-0.025415,-0.030303,-0.050342,-0.37586,-0.025415,-0.00048876,-0.035191,-0.00048876,-0.0053763,0.12463,0.1999,0.28495,0.33969,0.42473,0.58016,0.6002,0.41007,0.31476,0.15982,-0.035191,-0.13539,-0.17058,-0.1955,-0.17058,-0.15054,-0.1955,-0.17058,-0.15054,-0.16031,-0.15543,-0.14565,-0.16031,-0.14565,-0.12023,-0.12023,-0.12561,-0.12023,-0.12023,-0.11535,-0.11046,-0.11535,-0.075269,-0.095308,-0.085533,-0.095308,-0.095308,-0.11046,-0.095308,-0.095308,-0.095308,-0.060606,-0.040567,-0.075269,-0.05523,-0.075269,-0.060606,-0.075269,-0.045455,-0.020528,-0.025415,-0.020528,-0.025415,-0.015152,-0.00048876,-0.025415,-0.020528,-0.010264,-0.00048876,-0.0053763,-0.025415,-0.0053763,-0.015152,-0.025415,-0.020528,-0.030303,-0.0053763,0.01955,0.014663,-0.00048876,-0.025415,-0.0053763,0.0097752,-0.015152,-0.025415,-0.010264,-0.025415,-0.020528,-0.025415,-0.030303,-0.040567,-0.0053763,-0.020528,-0.035191,-0.00048876,0.0043988,0.014663,-0.00048876,0.0097752,0.029814,0.014663,-0.015152,-0.00048876,-0.020528,-0.37586,-0.00048876,0.01955,0.0097752,0.014663,0.049853,0.10459,0.18475,0.26002,0.34995,0.43011,0.53519,0.54008,0.3651,0.31476,0.13978,-0.035191,-0.11046,-0.14027,-0.15054,-0.16569,-0.14565,-0.13539,-0.12561,-0.12561,-0.13539,-0.11535,-0.095308,-0.09042,-0.085533,-0.09042,-0.065494,-0.060606,-0.085533,-0.09042,-0.075269,-0.1002,-0.10557,-0.045455,-0.020528,-0.00048876,-0.010264,-0.025415,-0.045455,-0.065494,-0.075269,-0.085533,-0.075269,-0.075269,-0.085533,-0.095308,-0.015152,0.01955,0.0097752,0.014663,-0.0053763,-0.025415,-0.050342,-0.060606,-0.030303,-0.020528,-0.040567,-0.030303,-0.050342,-0.065494,-0.040567,-0.065494,-0.075269,-0.015152,-0.050342,-0.05523,-0.060606,-0.050342,-0.0053763,-0.00048876,-0.035191,-0.045455,-0.020528,-0.0053763,-0.065494,-0.070381,-0.065494,-0.035191,-0.05523,-0.045455,-0.035191,-0.045455,-0.05523,-0.030303,-0.040567,-0.050342,-0.040567,-0.020528,-0.015152,-0.015152,-0.040567,-0.050342,-0.015152,-0.065494,-0.045455,-0.025415,-0.37586,-0.010264,-0.035191,-0.025415,-0.010264,0.059629,0.10459,0.20968,0.27468,0.39003,0.50978,0.60997,0.42473,0.31476,0.25464,0.039589,-0.12561,-0.18035,-0.19062,-0.19062,-0.18573,-0.20528,-0.1955,-0.19062,-0.16569,-0.1955,-0.17546,-0.15543,-0.14565,-0.16031,-0.17058,-0.12561,-0.12023,-0.1002,-0.095308,-0.11535,-0.1002,-0.12023,-0.12561,-0.11535,-0.11046,-0.10557,-0.12023,-0.10557,-0.095308,-0.080645,-0.1002,-0.075269,-0.070381,-0.09042,-0.075269,-0.060606,-0.060606,-0.070381,-0.05523,-0.040567,-0.045455,-0.030303,-0.025415,-0.020528,-0.035191,-0.040567,-0.020528,-0.0053763,-0.0053763,-0.015152,-0.010264,-0.015152,-0.030303,-0.025415,-0.015152,-0.025415,-0.020528,-0.025415,-0.020528,-0.025415,-0.030303,-0.05523,-0.060606,-0.030303,-0.025415,-0.040567,-0.025415,-0.025415,-0.025415,-0.035191,-0.035191,-0.050342,-0.010264,0.0043988,-0.0053763,-0.015152,-0.025415,-0.010264,-0.00048876,-0.010264,-0.025415,-0.020528,-0.040567,-0.015152,-0.37586,-0.00048876,-0.015152,-0.00048876,-0.010264,0.024438,0.094819,0.20968,0.3001,0.38514,0.49511,0.54008,0.37977,0.31476,0.22483,-0.010264,-0.11046,-0.16031,-0.19062,-0.16031,-0.13539,-0.14565,-0.14565,-0.12561,-0.11046,-0.14565,-0.15054,-0.13539,-0.1305,-0.11535,-0.09042,-0.1002,-0.10557,-0.09042,-0.095308,-0.095308,-0.09042,-0.065494,-0.050342,-0.065494,-0.075269,-0.09042,-0.095308,-0.085533,-0.080645,-0.060606,-0.050342,-0.070381,-0.060606,-0.075269,-0.035191,-0.035191,-0.025415,-0.050342,-0.05523,-0.050342,-0.045455,-0.040567,-0.05523,-0.050342,-0.025415,-0.040567,-0.045455,-0.05523,-0.045455,-0.05523,-0.045455,-0.025415,-0.025415,-0.0053763,-0.030303,-0.045455,-0.035191,-0.050342,-0.030303,-0.025415,-0.035191,-0.075269,-0.045455,-0.025415,-0.035191,-0.050342,-0.050342,-0.030303,-0.030303,-0.050342,-0.040567,-0.035191,-0.060606,-0.025415,-0.020528,-0.020528,-0.025415,-0.010264,-0.060606,-0.0053763,-0.030303,-0.035191,-0.025415,-0.025415,-0.37586,-0.010264,-0.0053763,-0.025415,-0.015152,0.029814,0.079668,0.1696,0.24976,0.34506,0.43011,0.54497,0.57527,0.38514,0.30987,0.11486,-0.080645,-0.15054,-0.18573,-0.20528,-0.20039,-0.20039,-0.1955,-0.1955,-0.17546,-0.15054,-0.21065,-0.21554,-0.16569,-0.14565,-0.1305,-0.12023,-0.1305,-0.14027,-0.11535,-0.15054,-0.12561,-0.11535,-0.12023,-0.12023,-0.11535,-0.095308,-0.095308,-0.1305,-0.15054,-0.1002,-0.085533,-0.1002,-0.080645,-0.065494,-0.070381,-0.05523,-0.075269,-0.050342,-0.045455,-0.030303,-0.035191,-0.030303,-0.030303,-0.030303,-0.035191,-0.030303,-0.025415,-0.025415,-0.010264,-0.020528,-0.0053763,0.0043988,0.0097752,-0.00048876,-0.015152,-0.025415,-0.015152,-0.020528,-0.010264,-0.020528,-0.030303,-0.045455,-0.030303,-0.015152,-0.010264,-0.030303,-0.010264,-0.030303,-0.0053763,-0.00048876,-0.010264,-0.020528,-0.010264,-0.015152,-0.0053763,-0.00048876,0.014663,0.014663,0.01955,0.024438,0.01955,-0.00048876,-0.00048876,-0.010264,-0.37586,0.0097752,0.014663,-0.00048876,0.0043988,0.029814,0.064516,0.15982,0.26491,0.35973,0.43011,0.54497,0.46481,0.34995,0.29472,0.12952,-0.045455,-0.11535,-0.14565,-0.13539,-0.12561,-0.14565,-0.14027,-0.1305,-0.13539,-0.11046,-0.12561,-0.095308,-0.1002,-0.11046,-0.10557,-0.095308,-0.095308,-0.09042,-0.080645,-0.075269,-0.075269,-0.075269,-0.080645,-0.075269,-0.070381,-0.075269,-0.075269,-0.075269,-0.065494,-0.080645,-0.1002,-0.070381,-0.060606,-0.050342,-0.060606,-0.045455,-0.050342,-0.045455,-0.045455,-0.045455,-0.05523,-0.060606,-0.045455,-0.030303,-0.045455,-0.030303,-0.025415,-0.065494,-0.050342,-0.040567,-0.025415,-0.030303,-0.035191,-0.025415,-0.025415,-0.020528,-0.035191,-0.025415,-0.0053763,-0.00048876,-0.030303,-0.050342,-0.035191,-0.050342,-0.035191,-0.025415,-0.020528,-0.015152,-0.035191,-0.030303,-0.0053763,-0.0053763,-0.00048876,0.0043988,-0.010264,-0.015152,-0.00048876,0.0043988,-0.00048876,0.029814,0.039589,0.024438,0.0043988,-0.010264,-0.0053763,-0.00048876,-0.37586,0.01955,-0.00048876,0.0043988,0.054741,0.094819,0.14956,0.2346,0.3348,0.41496,0.49022,0.52493,0.35973,0.28495,0.15494,-0.035191,-0.13539,-0.16569,-0.15543,-0.16031,-0.14565,-0.18573,-0.22043,-0.14027,-0.12023,-0.13539,-0.14027,-0.13539,-0.12023,-0.12561,-0.12561,-0.11535,-0.095308,-0.10557,-0.095308,-0.1002,-0.09042,-0.075269,-0.075269,-0.080645,-0.095308,-0.1002,-0.095308,-0.080645,-0.075269,-0.095308,-0.065494,-0.05523,-0.070381,-0.065494,-0.05523,-0.035191,-0.05523,-0.035191,-0.05523,-0.060606,-0.020528,-0.035191,-0.025415,-0.030303,-0.050342,-0.060606,-0.035191,-0.050342,-0.045455,-0.025415,-0.025415,-0.015152,-0.015152,-0.025415,-0.035191,-0.050342,-0.010264,-0.0053763,-0.015152,-0.050342,-0.045455,-0.05523,-0.015152,-0.0053763,-0.020528,-0.050342,-0.025415,-0.020528,-0.030303,-0.050342,-0.030303,-0.020528,-0.015152,-0.020528,-0.00048876,-0.020528,-0.030303,-0.020528,-0.010264,-0.015152,-0.030303,-0.075269,-0.030303,-0.0053763,-0.37586,0.014663,-0.00048876,-0.00048876,0.039589,0.099707,0.1696,0.25464,0.3348,0.44477,0.565,0.60508,0.435,0.33969,0.1999,-0.020528,-0.13539,-0.16031,-0.17058,-0.17546,-0.17546,-0.16569,-0.17546,-0.16569,-0.15543,-0.16569,-0.15543,-0.17546,-0.12023,-0.10557,-0.12023,-0.11046,-0.1002,-0.095308,-0.10557,-0.095308,-0.09042,-0.09042,-0.080645,-0.075269,-0.080645,-0.095308,-0.075269,-0.065494,-0.075269,-0.050342,-0.070381,-0.080645,-0.050342,-0.045455,-0.050342,-0.030303,-0.025415,-0.035191,-0.040567,-0.035191,-0.030303,-0.025415,-0.020528,-0.015152,-0.015152,-0.025415,-0.040567,-0.030303,-0.015152,-0.0053763,-0.025415,-0.0053763,-0.015152,0.0043988,0.0097752,0.029814,0.049853,0.029814,0.014663,0.064516,0.054741,0.049853,0.054741,0.044477,0.044477,0.039589,0.064516,0.069892,0.079668,0.069892,0.07478,0.089932,0.069892,0.089932,0.10948,0.10459,0.10948,0.099707,0.094819,0.11486,0.10459,0.069892,0.094819,0.11975,0.12463,-0.13539,0.11975,0.094819,0.089932,0.089932,0.10948,0.18475,0.28983,0.3651,0.46481,0.58016,0.6652,0.54497,0.435,0.36999,0.15982,0.01955,-0.045455,-0.070381,-0.065494,-0.075269,-0.080645,-0.075269,-0.065494,-0.065494,-0.060606,-0.065494,-0.045455,-0.065494,-0.050342,-0.035191,-0.040567,-0.030303,-0.025415,-0.045455,-0.050342,-0.025415,-0.035191,-0.020528,-0.040567,-0.05523,-0.065494,-0.050342,-0.040567,-0.075269,-0.060606,-0.085533,-0.09042,-0.080645,-0.060606,-0.065494,-0.075269,-0.060606,-0.070381,-0.075269,-0.070381,-0.050342,-0.065494,-0.045455,-0.040567,-0.050342,-0.05523,-0.060606,-0.050342,-0.050342,-0.070381,-0.075269,-0.060606,-0.045455,-0.060606,-0.040567,-0.035191,-0.050342,-0.030303,-0.075269,-0.070381,-0.080645,-0.075269,-0.075269,-0.070381,-0.095308,-0.09042,-0.11046,-0.070381,-0.080645,-0.10557,-0.1002,-0.095308,-0.09042,-0.10557,-0.095308,-0.11046,-0.095308,-0.09042,-0.095308,-0.1002,-0.12023,-0.10557,-0.11535,-0.1305,-0.37586,-0.10557,-0.12023,-0.1305,-0.11046,-0.050342,-0.00048876,0.099707,0.1696,0.28495,0.38514,0.52004,0.41984,0.26979,0.22483,0.024438,-0.13539,-0.20528,-0.20039,-0.20039,-0.20528,-0.21065,-0.1955,-0.19062,-0.18035,-0.16569,-0.16569,-0.15054,-0.14027,-0.15543,-0.14565,-0.1305,-0.12023,-0.12023,-0.12023,-0.12023,-0.1305,-0.12561,-0.11046,-0.1002,-0.10557,-0.10557,-0.11535,-0.12023,-0.10557,-0.11535,-0.11046,-0.095308,-0.080645,-0.10557,-0.09042,-0.070381,-0.075269,-0.065494,-0.05523,-0.070381,-0.05523,-0.030303,-0.025415,-0.045455,-0.035191,-0.030303,-0.025415,-0.030303,-0.030303,-0.025415,-0.030303,-0.035191,-0.040567,-0.045455,-0.015152,-0.020528,-0.015152,-0.030303,-0.030303,-0.035191,-0.040567,-0.025415,-0.025415,-0.035191,-0.030303,-0.040567,-0.035191,-0.030303,-0.035191,-0.025415,-0.015152,-0.025415,-0.025415,-0.025415,-0.025415,-0.0053763,-0.00048876,-0.020528,-0.025415,-0.0053763,-0.00048876,-0.015152,-0.020528,-0.025415,-0.025415,-0.2957,-0.00048876,-0.00048876,-0.0053763,-0.00048876,0.01955,0.059629,0.11975,0.21994,0.33969,0.43011,0.53519,0.47507,0.35973,0.30499,0.13978,-0.050342,-0.12023,-0.14027,-0.14565,-0.15543,-0.14027,-0.1305,-0.13539,-0.12561,-0.1305,-0.13539,-0.14565,-0.12023,-0.11535,-0.1002,-0.11046,-0.095308,-0.09042,-0.095308,-0.085533,-0.075269,-0.080645,-0.085533,-0.080645,-0.070381,-0.075269,-0.075269,-0.085533,-0.085533,-0.09042,-0.085533,-0.075269,-0.080645,-0.065494,-0.050342,-0.05523,-0.065494,-0.05523,-0.045455,-0.05523,-0.075269,-0.060606,-0.050342,-0.050342,-0.045455,-0.045455,-0.050342,-0.040567,-0.025415,-0.020528,-0.025415,-0.025415,-0.025415,-0.025415,-0.030303,-0.035191,-0.040567,-0.035191,-0.025415,-0.025415,-0.015152,-0.00048876,0.0043988,-0.00048876,-0.010264,-0.015152,-0.010264,-0.025415,-0.030303,-0.035191,-0.025415,-0.020528,-0.035191,-0.00048876,-0.010264,-0.025415,-0.015152,-0.00048876,-0.015152,-0.020528,0.024438,-0.010264,-0.050342,-0.050342,-0.045455,-0.2957,-0.030303,-0.040567,-0.030303,-0.020528,0.034702,0.094819,0.1696,0.24487,0.34506,0.41984,0.52493,0.54008,0.35973,0.28006,0.10948,-0.085533,-0.16031,-0.18035,-0.1955,-0.20039,-0.20039,-0.19062,-0.19062,-0.20039,-0.20528,-0.18573,-0.16031,-0.18035,-0.18573,-0.16569,-0.14565,-0.13539,-0.13539,-0.12023,-0.1305,-0.14565,-0.12561,-0.1305,-0.11535,-0.12023,-0.12023,-0.13539,-0.14027,-0.1305,-0.12023,-0.10557,-0.10557,-0.1002,-0.12023,-0.10557,-0.11046,-0.075269,-0.05523,-0.040567,-0.050342,-0.065494,-0.075269,-0.045455,-0.050342,-0.080645,-0.085533,-0.050342,-0.05523,-0.060606,-0.05523,-0.045455,-0.080645,-0.05523,-0.035191,-0.050342,-0.050342,-0.09042,-0.05523,-0.040567,-0.05523,-0.075269,-0.070381,-0.040567,-0.065494,-0.085533,-0.070381,-0.060606,-0.065494,-0.070381,-0.065494,-0.035191,-0.040567,-0.045455,-0.030303,-0.020528,-0.0053763,-0.025415,-0.010264,-0.020528,-0.015152,-0.010264,-0.025415,-0.025415,-0.035191,-0.37586,-0.025415,-0.015152,-0.025415,0.0097752,0.064516,0.11975,0.21457,0.28983,0.35484,0.47507,0.54985,0.41496,0.30987,0.20479,0.0043988,-0.10557,-0.17058,-0.18573,-0.1955,-0.20039,-0.16569,-0.18573,-0.15543,-0.15054,-0.14565,-0.14027,-0.1305,-0.14565,-0.16031,-0.14565,-0.1305,-0.12023,-0.12561,-0.11535,-0.11046,-0.1002,-0.095308,-0.11535,-0.09042,-0.095308,-0.1002,-0.10557,-0.080645,-0.080645,-0.075269,-0.085533,-0.095308,-0.085533,-0.065494,-0.060606,-0.070381,-0.060606,-0.070381,-0.050342,-0.05523,-0.050342,-0.040567,-0.035191,-0.050342,-0.05523,-0.050342,-0.045455,-0.050342,-0.05523,-0.050342,-0.035191,-0.025415,-0.025415,-0.030303,-0.040567,-0.045455,-0.050342,-0.025415,-0.025415,-0.040567,-0.025415,-0.025415,-0.035191,-0.030303,-0.025415,-0.040567,-0.035191,-0.060606,-0.075269,-0.020528,-0.020528,-0.025415,-0.025415,-0.020528,-0.025415,-0.015152,-0.00048876,0.0097752,0.0043988,0.01955,0.024438,-0.00048876,-0.010264,-0.0053763,-0.015152,-0.37586,-0.010264,-0.00048876,-0.0053763,0.0043988,0.044477,0.099707,0.17498,0.2346,0.35484,0.47507,0.58016,0.52004,0.39492,0.31476,0.1349,-0.05523,-0.14565,-0.16569,-0.15543,-0.16031,-0.16569,-0.15054,-0.14565,-0.15543,-0.14027,-0.1305,-0.1305,-0.12023,-0.11046,-0.1305,-0.11535,-0.1002,-0.080645,-0.085533,-0.085533,-0.09042,-0.095308,-0.085533,-0.09042,-0.080645,-0.075269,-0.080645,-0.075269,-0.1002,-0.1002,-0.070381,-0.060606,-0.070381,-0.070381,-0.070381,-0.060606,-0.050342,-0.05523,-0.050342,-0.05523,-0.050342,-0.070381,-0.065494,-0.060606,-0.075269,-0.040567,-0.030303,-0.040567,-0.045455,-0.050342,-0.035191,-0.020528,-0.040567,-0.025415,-0.045455,-0.050342,-0.050342,-0.025415,-0.030303,-0.025415,-0.040567,-0.040567,-0.030303,-0.035191,-0.05523,-0.060606,-0.035191,-0.030303,-0.025415,-0.025415,-0.020528,-0.050342,-0.035191,-0.025415,-0.00048876,-0.00048876,-0.00048876,-0.015152,-0.00048876,-0.0053763,-0.00048876,-0.020528,-0.025415,-0.020528,-0.025415,-0.37586,-0.0053763,-0.025415,-0.0053763,0.0043988,0.054741,0.1349,0.22972,0.33969,0.41496,0.52004,0.56012,0.37488,0.30499,0.17986,-0.015152,-0.09042,-0.12561,-0.1305,-0.14565,-0.13539,-0.14027,-0.13539,-0.12023,-0.12023,-0.12023,-0.11535,-0.11535,-0.095308,-0.085533,-0.080645,-0.075269,-0.095308,-0.09042,-0.080645,-0.085533,-0.075269,-0.065494,-0.05523,-0.05523,-0.05523,-0.050342,-0.05523,0.26491,-0.05523,-0.065494,-0.075269,-0.060606,-0.065494,-0.050342,-0.045455,-0.040567,-0.035191,-0.040567,-0.060606,-0.045455,-0.035191,-0.05523,-0.030303,-0.015152,-0.080645,-0.085533,-0.040567,-0.025415,-0.035191,-0.035191,-0.030303,-0.040567,-0.025415,-0.045455,-0.050342,-0.030303,-0.030303,-0.035191,-0.060606,-0.060606,-0.045455,-0.050342,-0.045455,-0.050342,-0.070381,-0.050342,-0.035191,-0.035191,-0.045455,-0.025415,-0.045455,-0.040567,-0.065494,-0.030303,-0.00048876,0.0097752,-0.010264,-0.040567,-0.030303,-0.025415,-0.050342,-0.050342,-0.070381,-0.040567,-0.37586,-0.020528,-0.040567,-0.045455,-0.0053763,0.039589,0.10948,0.20968,0.25464,0.35973,0.50978,0.565,0.435,0.3001,0.18964,0.0043988,-0.10557,-0.16031,-0.20528,-0.21065,-0.22043,-0.24047,-0.22532,-0.1955,-0.19062,-0.17058,-0.12023,-0.1305,-0.16031,-0.14565,-0.15054,-0.14565,-0.15054,-0.13539,-0.15054,-0.17546,-0.15543,-0.13539,-0.11535,-0.10557,-0.12023,-0.13539,-0.14565,-0.13539,-0.12023,-0.12023,-0.11535,-0.1305,-0.09042,-0.075269,-0.095308,-0.065494,-0.050342,-0.05523,-0.05523,-0.050342,-0.040567,-0.045455,-0.050342,-0.050342,-0.040567,-0.030303,-0.025415,-0.040567,-0.020528,-0.0053763,-0.020528,-0.025415,-0.015152,-0.0053763,-0.010264,-0.025415,-0.015152,-0.00048876,-0.010264,-0.025415,-0.015152,-0.030303,-0.035191,-0.035191,-0.030303,-0.025415,-0.045455,-0.030303,-0.025415,-0.035191,-0.050342,-0.030303,-0.045455,-0.010264,-0.0053763,-0.00048876,0.0043988,-0.020528,-0.015152,0.0043988,-0.0053763,-0.020528,-0.025415,-0.030303,-0.45552,-0.010264,-0.0053763,-0.015152,-0.025415,0.034702,0.07478,0.15982,0.26491,0.36999,0.45015,0.52981,0.44477,0.32991,0.27468,0.094819,-0.040567,-0.1002,-0.13539,-0.15054,-0.14565,-0.15543,-0.14565,-0.14565,-0.1305,-0.1002,-0.085533,-0.1002,-0.09042,-0.11535,-0.12023,-0.12561,-0.1002,-0.075269,-0.085533,-0.09042,-0.09042,-0.095308,-0.095308,-0.095308,-0.085533,-0.080645,-0.09042,-0.085533,-0.075269,-0.09042,-0.10557,-0.05523,-0.035191,-0.025415,-0.050342,-0.020528,-0.015152,-0.050342,-0.050342,-0.050342,-0.045455,-0.050342,-0.050342,-0.05523,-0.09042,-0.065494,-0.045455,-0.050342,-0.020528,0.014663,0.014663,-0.00048876,-0.030303,-0.025415,-0.030303,-0.05523,-0.025415,-0.025415,-0.035191,-0.030303,-0.040567,-0.045455,-0.025415,-0.025415,-0.030303,-0.050342,-0.035191,-0.030303,-0.020528,-0.010264,-0.030303,-0.040567,-0.020528,-0.0053763,-0.025415,-0.015152,0.0043988,-0.00048876,-0.0053763,0.014663,-0.010264,0.0043988,-0.010264,-0.030303,-0.025415,-0.040567,-0.37586,-0.0053763,-0.020528,-0.025415,-0.00048876,0.054741,0.18475,0.26002,0.35484,0.43011,0.54985,0.58504,0.41496,0.33969,0.17498,-0.045455,-0.14027,-0.19062,-0.20528,-0.18035,-0.17058,-0.18035,-0.16569,-0.18573,-0.15054,-0.14565,-0.15543,-0.14565,-0.14565,-0.12561,-0.12023,-0.15054,-0.12561,-0.11535,-0.1002,-0.095308,-0.095308,-0.095308,-0.11535,-0.12561,-0.1305,-0.1002,-0.12561,-0.11535,-0.12023,-0.12023,-0.1002,-0.095308,-0.09042,-0.070381,-0.060606,-0.050342,-0.050342,-0.040567,-0.050342,-0.040567,-0.050342,-0.05523,-0.065494,-0.040567,-0.030303,-0.035191,-0.025415,-0.035191,-0.030303,-0.015152,-0.015152,-0.020528,-0.0053763,-0.020528,-0.015152,-0.015152,-0.025415,-0.030303,-0.010264,-0.025415,-0.030303,-0.040567,-0.025415,-0.05523,-0.045455,-0.030303,-0.030303,-0.025415,-0.030303,-0.050342,-0.030303,-0.025415,-0.020528,-0.010264,-0.020528,-0.0053763,-0.020528,-0.025415,-0.0053763,-0.00048876,-0.030303,-0.050342,-0.020528,-0.015152,-0.45552,-0.0053763,-0.030303,-0.0053763,0.0043988,0.039589,0.11486,0.20968,0.30499,0.3651,0.49022,0.52981,0.3651,0.29472,0.14956,-0.040567,-0.12561,-0.16031,-0.15543,-0.17546,-0.16569,-0.17058,-0.15543,-0.17546,-0.14565,-0.1305,-0.1305,-0.13539,-0.14027,-0.14027,-0.12561,-0.1305,-0.12023,-0.12023,-0.1002,-0.10557,-0.09042,-0.095308,-0.09042,-0.080645,-0.095308,-0.095308,-0.085533,-0.12023,-0.1002,-0.075269,-0.09042,-0.085533,-0.095308,-0.075269,-0.075269,-0.060606,-0.070381,-0.065494,-0.065494,-0.05523,-0.065494,-0.05523,-0.050342,-0.060606,-0.085533,-0.070381,-0.050342,-0.045455,-0.05523,-0.045455,-0.050342,-0.060606,-0.075269,-0.040567,-0.030303,-0.040567,-0.025415,-0.020528,-0.010264,-0.020528,-0.025415,-0.045455,-0.050342,-0.040567,-0.040567,-0.045455,-0.050342,-0.035191,-0.030303,-0.010264,-0.015152,-0.020528,-0.020528,-0.025415,-0.020528,-0.025415,-0.00048876,-0.025415,-0.040567,0.0043988,-0.00048876,-0.00048876,-0.025415,-0.040567,-0.05523,-0.45552,-0.020528,-0.035191,-0.035191,-0.0053763,0.054741,0.1349,0.21457,0.30987,0.40469,0.52004,0.54008,0.37977,0.30499,0.15494,-0.040567,-0.16569,-0.20039,-0.20528,-0.21065,-0.19062,-0.17546,-0.18573,-0.18035,-0.18035,-0.18573,-0.16569,-0.15054,-0.16569,-0.18035,-0.15054,-0.12561,-0.12023,-0.13539,-0.1305,-0.16569,-0.11535,-0.12023,-0.1305,-0.12023,-0.12561,-0.12023,-0.12023,-0.12023,-0.14027,-0.15054,-0.12023,-0.11046,-0.10557,-0.1002,-0.09042,-0.075269,-0.070381,-0.11046,-0.070381,-0.050342,-0.060606,-0.065494,-0.065494,-0.050342,-0.060606,-0.05523,-0.080645,-0.095308,-0.070381,-0.050342,-0.050342,-0.05523,-0.040567,-0.05523,-0.095308,-0.1002,-0.05523,-0.045455,-0.060606,-0.070381,-0.075269,-0.070381,-0.070381,-0.050342,-0.045455,-0.070381,-0.075269,-0.040567,-0.050342,-0.040567,-0.035191,-0.050342,-0.025415,-0.020528,-0.025415,-0.015152,-0.025415,-0.0053763,0.014663,0.01955,-0.025415,-0.025415,-0.015152,-0.50049,-0.00048876,0.0043988,0.0097752,0.034702,0.084555,0.13978,0.23998,0.30987,0.41007,0.52981,0.61486,0.48485,0.3651,0.27468,0.059629,-0.09042,-0.12561,-0.14027,-0.15054,-0.16569,-0.19062,-0.15543,-0.14565,-0.13539,-0.1305,-0.1305,-0.12023,-0.11046,-0.11535,-0.1002,-0.095308,-0.080645,-0.075269,-0.075269,-0.085533,-0.070381,-0.060606,-0.075269,-0.060606,-0.050342,-0.060606,-0.080645,-0.070381,-0.060606,-0.045455,-0.060606,-0.050342,-0.065494,-0.025415,-0.025415,-0.020528,-0.025415,-0.020528,-0.045455,-0.05523,-0.020528,0.0043988,-0.010264,-0.015152,-0.00048876,-0.00048876,-0.00048876,-0.00048876,-0.010264,-0.00048876,-0.0053763,-0.00048876,-0.00048876,0.014663,-0.0053763,-0.010264,0.0097752,-0.00048876,-0.0053763,-0.015152,-0.020528,-0.00048876,0.0043988,-0.00048876,0.0043988,-0.00048876,-0.00048876,-0.020528,-0.00048876,0.01955,0.014663,0.01955,0.014663,0.014663,0.01955,0.029814,0.039589,0.024438,0.0097752,0.029814,0.039589,0.029814,0.0043988,-0.00048876,0.01955,-0.37586,0.044477,0.01955,0.014663,0.01955,0.064516,0.11975,0.1999,0.27468,0.35484,0.435,0.56012,0.45503,0.34506,0.28495,0.099707,-0.050342,-0.11046,-0.12561,-0.12023,-0.12023,-0.12023,-0.11535,-0.10557,-0.11046,-0.12023,-0.095308,-0.080645,-0.085533,-0.075269,-0.080645,-0.080645,-0.070381,-0.060606,-0.060606,-0.050342,-0.05523,-0.050342,-0.035191,-0.045455,-0.040567,-0.045455,-0.010264,-0.0053763,-0.030303,-0.010264,-0.0053763,-0.060606,-0.020528,-0.0053763,-0.00048876,-0.00048876,-0.0053763,-0.015152,-0.00048876,-0.00048876,-0.0053763,-0.00048876,-0.015152,-0.020528,-0.0053763,-0.020528,-0.00048876,-0.025415,0.054741,0.029814,0.0043988,0.039589,-0.00048876,-0.010264,-0.00048876,-0.0053763,-0.010264,-0.015152,-0.020528,-0.020528,-0.025415,-0.020528,-0.035191,-0.040567,-0.045455,-0.030303,-0.050342,-0.05523,-0.025415,0.0097752,-0.0053763,-0.010264,-0.035191,-0.015152,-0.010264,-0.0053763,0.0097752,-0.0053763,0.0043988,0.0097752,-0.00048876,-0.025415,-0.050342,-0.050342,-0.045455,-0.37586,-0.010264,-0.0053763,-0.00048876,0.044477,0.10459,0.15982,0.22972,0.31965,0.40469,0.54008,0.565,0.39003,0.29472,0.1696,-0.035191,-0.12023,-0.17546,-0.19062,-0.21554,-0.17546,-0.17058,-0.15543,-0.17546,-0.18035,-0.16031,-0.12023,-0.15054,-0.15543,-0.17058,-0.15054,-0.14565,-0.1305,-0.11535,-0.095308,-0.11046,-0.14027,-0.10557,-0.085533,-0.1002,-0.11535,-0.10557,-0.1002,-0.12023,-0.12561,-0.11535,-0.10557,-0.10557,-0.09042,-0.080645,-0.09042,-0.060606,-0.05523,-0.040567,-0.035191,-0.050342,-0.015152,-0.00048876,-0.020528,-0.025415,-0.015152,0.0043988,-0.00048876,-0.0053763,-0.0053763,-0.010264,-0.0053763,-0.00048876,-0.0053763,-0.0053763,-0.0053763,-0.025415,-0.0053763,-0.015152,-0.010264,-0.025415,-0.0053763,-0.020528,-0.010264,-0.015152,-0.025415,-0.030303,-0.025415,-0.025415,-0.020528,-0.010264,-0.045455,-0.030303,-0.015152,-0.025415,-0.015152,-0.00048876,-0.00048876,-0.010264,0.0043988,0.024438,0.014663,-0.0053763,-0.015152,-0.030303,-0.37586,-0.015152,-0.00048876,-0.00048876,-0.00048876,0.024438,0.064516,0.1696,0.24976,0.3348,0.40469,0.50489,0.50978,0.30987,0.25464,0.089932,-0.05523,-0.10557,-0.1305,-0.13539,-0.15054,-0.16031,-0.14565,-0.13539,-0.14565,-0.16031,-0.11046,-0.10557,-0.12023,-0.11535,-0.12023,-0.10557,-0.10557,-0.11535,-0.12023,-0.065494,-0.060606,-0.075269,-0.070381,-0.080645,-0.095308,-0.065494,-0.05523,-0.075269,-0.085533,-0.085533,-0.080645,-0.09042,-0.075269,-0.070381,-0.075269,-0.075269,-0.060606,-0.05523,-0.05523,-0.060606,-0.060606,-0.060606,-0.05523,-0.05523,-0.05523,-0.045455,-0.050342,-0.050342,-0.05523,-0.030303,-0.050342,-0.065494,-0.030303,-0.030303,-0.035191,-0.030303,-0.045455,-0.050342,-0.035191,-0.045455,-0.035191,-0.020528,-0.015152,-0.025415,-0.035191,-0.040567,-0.020528,-0.035191,-0.045455,-0.030303,-0.025415,-0.035191,-0.045455,-0.040567,-0.050342,-0.035191,-0.045455,-0.020528,-0.020528,-0.010264,-0.015152,-0.010264,-0.05523,-0.025415,-0.015152,-0.0053763,-0.37586,0.0043988,-0.050342,-0.020528,0.01955,0.059629,0.12463,0.20968,0.28006,0.38514,0.49511,0.54008,0.42473,0.3348,0.1999,-0.00048876,-0.12023,-0.14565,-0.15054,-0.16569,-0.16031,-0.15543,-0.14565,-0.14565,-0.15054,-0.14565,-0.12561,-0.12023,-0.12561,-0.12023,-0.12023,-0.12023,-0.12023,-0.1002,-0.09042,-0.095308,-0.095308,-0.095308,-0.085533,-0.095308,-0.075269,-0.080645,-0.085533,-0.080645,-0.085533,-0.070381,-0.075269,-0.070381,-0.065494,-0.080645,-0.035191,-0.030303,-0.040567,-0.025415,-0.030303,-0.025415,-0.035191,-0.040567,-0.030303,-0.030303,-0.040567,-0.045455,-0.030303,-0.050342,-0.025415,-0.025415,-0.030303,-0.010264,-0.020528,-0.010264,-0.020528,-0.015152,-0.0053763,-0.010264,-0.0053763,-0.0053763,-0.015152,-0.025415,-0.010264,-0.015152,-0.030303,-0.025415,-0.030303,-0.020528,-0.0053763,-0.015152,-0.010264,-0.00048876,-0.00048876,-0.00048876,-0.0053763,-0.00048876,0.014663,-0.00048876,-0.0053763,0.0043988,0.014663,-0.025415,-0.030303,-0.025415,-0.37586,-0.020528,-0.00048876,-0.00048876,0.0043988,0.034702,0.069892,0.14956,0.2346,0.31476,0.39003,0.50489,0.50978,0.3348,0.3001,0.18475,0.0043988,-0.080645,-0.12561,-0.14565,-0.14565,-0.13539,-0.12023,-0.12561,-0.14027,-0.12561,-0.095308,-0.1002,-0.095308,-0.095308,-0.11046,-0.11046,-0.095308,-0.085533,-0.070381,-0.070381,-0.050342,-0.060606,-0.070381,-0.060606,-0.040567,-0.050342,-0.040567,-0.05523,-0.065494,-0.05523,-0.045455,-0.050342,-0.040567,-0.025415,-0.025415,-0.040567,-0.045455,-0.015152,-0.010264,-0.035191,-0.010264,-0.00048876,-0.010264,-0.00048876,-0.035191,-0.030303,-0.015152,-0.010264,-0.025415,-0.025415,-0.020528,-0.015152,-0.020528,-0.010264,-0.020528,-0.025415,-0.020528,-0.010264,-0.025415,-0.025415,-0.010264,-0.00048876,-0.025415,-0.025415,-0.025415,-0.025415,-0.025415,-0.030303,-0.035191,-0.040567,-0.0053763,-0.020528,-0.030303,-0.015152,0.014663,0.01955,-0.015152,-0.025415,-0.010264,0.0043988,0.0043988,-0.040567,-0.045455,-0.025415,-0.020528,-0.37586,-0.025415,-0.040567,-0.030303,-0.0053763,0.049853,0.084555,0.16471,0.23998,0.34995,0.45503,0.55523,0.46481,0.32991,0.26979,0.089932,-0.12023,-0.16569,-0.18035,-0.20039,-0.18035,-0.17058,-0.18035,-0.18573,-0.17058,-0.16569,-0.17058,-0.14565,-0.14565,-0.16569,-0.15543,-0.14027,-0.12561,-0.11046,-0.12023,-0.1305,-0.12561,-0.11046,-0.1002,-0.09042,-0.11535,-0.12023,-0.1305,-0.10557,-0.12561,-0.11046,-0.095308,-0.11046,-0.10557,-0.095308,-0.065494,-0.060606,-0.050342,-0.05523,-0.050342,-0.080645,-0.040567,-0.025415,-0.030303,-0.065494,-0.070381,-0.020528,-0.035191,-0.030303,-0.025415,-0.015152,-0.010264,-0.010264,-0.0053763,-0.020528,-0.020528,-0.015152,-0.025415,-0.0053763,-0.010264,-0.020528,-0.025415,-0.025415,-0.020528,-0.020528,-0.025415,-0.030303,-0.025415,-0.020528,-0.030303,-0.015152,-0.010264,-0.015152,-0.010264,-0.025415,-0.020528,-0.0053763,-0.010264,-0.00048876,-0.00048876,-0.00048876,-0.0053763,-0.00048876,-0.025415,-0.020528,-0.025415,-0.37586,-0.0053763,-0.020528,-0.025415,0.01955,0.049853,0.099707,0.1999,0.26979,0.33969,0.45015,0.52493,0.39003,0.29472,0.21994,0.0097752,-0.1002,-0.13539,-0.16569,-0.17058,-0.16569,-0.16031,-0.17546,-0.18573,-0.15054,-0.1305,-0.12023,-0.11535,-0.11046,-0.12561,-0.11046,-0.12023,-0.1002,-0.11046,-0.095308,-0.080645,-0.085533,-0.09042,-0.080645,-0.095308,-0.075269,-0.085533,-0.09042,-0.080645,-0.085533,-0.080645,-0.085533,-0.075269,-0.09042,-0.080645,-0.085533,-0.075269,-0.060606,-0.065494,-0.080645,-0.085533,-0.060606,-0.045455,-0.050342,-0.05523,-0.070381,-0.060606,-0.050342,-0.045455,-0.025415,-0.025415,-0.025415,-0.040567,-0.030303,-0.025415,-0.030303,-0.020528,-0.030303,-0.025415,-0.025415,-0.035191,-0.025415,-0.035191,-0.030303,-0.035191,-0.015152,-0.010264,-0.015152,-0.015152,-0.025415,-0.030303,-0.030303,-0.025415,-0.025415,-0.025415,-0.020528,-0.0053763,0.01955,0.01955,0.024438,0.014663,0.0043988,-0.00048876,-0.020528,-0.020528,-0.020528,-0.025415,-0.37586,-0.010264,-0.020528,-0.00048876,0.01955,0.059629,0.10948,0.20968,0.28983,0.37977,0.45503,0.54497,0.43988,0.32991,0.26491,0.094819,-0.060606,-0.1305,-0.15543,-0.16569,-0.16031,-0.16569,-0.15054,-0.13539,-0.14565,-0.14565,-0.12023,-0.12023,-0.12561,-0.11535,-0.1002,-0.095308,-0.080645,-0.075269,-0.080645,-0.075269,-0.050342,-0.060606,-0.050342,-0.060606,-0.060606,-0.050342,-0.040567,-0.050342,-0.070381,-0.05523,-0.065494,-0.070381,-0.035191,-0.025415,-0.010264,-0.0053763,-0.030303,-0.035191,-0.00048876,-0.015152,-0.010264,-0.025415,-0.030303,-0.020528,-0.025415,-0.030303,-0.025415,-0.030303,-0.025415,-0.030303,-0.025415,-0.010264,-0.0053763,-0.00048876,-0.010264,-0.020528,-0.025415,-0.0053763,-0.00048876,-0.010264,-0.035191,-0.010264,-0.0053763,-0.010264,-0.015152,-0.010264,-0.025415,-0.015152,-0.010264,-0.030303,-0.015152,-0.00048876,-0.020528,-0.00048876,-0.0053763,-0.025415,-0.010264,0.0043988,0.0097752,0.024438,-0.00048876,0.034702,0.0097752,-0.010264,0.0097752,-0.2957,0.024438,0.034702,-0.00048876,0.0097752,0.054741,0.10459,0.1999,0.28495,0.37977,0.50489,0.62512,0.56012,0.40469,0.3348,0.1696,-0.045455,-0.12023,-0.16569,-0.16569,-0.15054,-0.18573,-0.14565,-0.12023,-0.1305,-0.13539,-0.11535,-0.13539,-0.12023,-0.11046,-0.10557,-0.095308,-0.095308,-0.09042,-0.080645,-0.075269,-0.080645,-0.065494,-0.075269,-0.080645,-0.075269,-0.080645,-0.075269,-0.075269,-0.080645,-0.05523,-0.075269,-0.05523,-0.045455,-0.070381,-0.050342,-0.065494,-0.050342,-0.060606,-0.045455,-0.050342,-0.065494,-0.075269,-0.045455,-0.040567,-0.040567,-0.050342,-0.045455,-0.045455,-0.045455,-0.030303,-0.030303,-0.030303,-0.025415,-0.040567,-0.035191,-0.030303,-0.025415,-0.035191,-0.030303,-0.040567,-0.045455,-0.05523,-0.030303,-0.020528,-0.030303,-0.040567,-0.050342,-0.025415,-0.040567,-0.030303,-0.020528,-0.010264,-0.025415,-0.030303,-0.010264,-0.00048876,-0.00048876,0.0043988,-0.00048876,-0.00048876,-0.0053763,-0.00048876,-0.0053763,-0.00048876,-0.0053763,-0.020528,-0.2957,-0.00048876,-0.025415,-0.0053763,0.014663,0.034702,0.11975,0.1999,0.3001,0.37977,0.49022,0.52004,0.35484,0.28495,0.14467,-0.035191,-0.11535,-0.15054,-0.17546,-0.18035,-0.15054,-0.15543,-0.15054,-0.14565,-0.1305,-0.12561,-0.14027,-0.12023,-0.12023,-0.10557,-0.11046,-0.10557,-0.1002,-0.095308,-0.10557,-0.10557,-0.11046,-0.085533,-0.095308,-0.1002,-0.095308,-0.095308,-0.1002,-0.080645,-0.085533,-0.085533,-0.09042,-0.095308,-0.085533,-0.080645,-0.075269,-0.080645,-0.070381,-0.050342,-0.040567,-0.065494,-0.065494,-0.065494,-0.050342,-0.050342,-0.05523,-0.060606,-0.035191,-0.035191,-0.025415,-0.015152,-0.020528,-0.030303,-0.030303,-0.035191,-0.030303,-0.040567,-0.045455,-0.045455,-0.020528,-0.0053763,-0.015152,-0.015152,-0.010264,-0.0053763,-0.020528,-0.015152,-0.020528,-0.00048876,-0.015152,-0.0053763,-0.010264,-0.0053763,-0.015152,-0.015152,-0.010264,-0.020528,0.0097752,0.014663,-0.020528,-0.025415,-0.010264,0.0043988,-0.0053763,-0.025415,-0.040567,-0.2957,-0.035191,-0.025415,-0.040567,-0.00048876,0.029814,0.07478,0.17498,0.23998,0.3348,0.45503,0.54985,0.47996,0.36999,0.28983,0.10948,-0.085533,-0.14565,-0.18035,-0.19062,-0.19062,-0.1955,-0.21065,-0.19062,-0.1955,-0.19062,-0.17546,-0.15054,-0.14565,-0.17058,-0.16569,-0.17058,-0.14565,-0.14565,-0.12561,-0.12561,-0.14027,-0.15054,-0.14565,-0.13539,-0.12023,-0.11535,-0.1305,-0.12023,-0.12561,-0.11535,-0.1305,-0.095308,-0.09042,-0.075269,-0.075269,-0.065494,-0.070381,-0.045455,-0.035191,-0.05523,-0.080645,-0.085533,-0.065494,-0.040567,-0.030303,-0.040567,-0.080645,-0.085533,-0.070381,-0.050342,-0.075269,-0.075269,-0.040567,-0.030303,-0.060606,-0.045455,-0.030303,-0.030303,-0.05523,-0.060606,-0.05523,-0.040567,-0.030303,-0.060606,-0.065494,-0.05523,-0.065494,-0.045455,-0.040567,-0.05523,-0.035191,-0.025415,-0.035191,-0.040567,-0.030303,-0.0053763,0.014663,-0.00048876,-0.0053763,-0.00048876,0.0043988,-0.020528,-0.010264,-0.030303,-0.030303,-0.37586,-0.025415,-0.035191,-0.020528,0.0097752,0.07478,0.14956,0.21994,0.28006,0.3998,0.51515,0.57527,0.43988,0.32991,0.1999,-0.025415,-0.12023,-0.18573,-0.1955,-0.18573,-0.1955,-0.19062,-0.19062,-0.19062,-0.18573,-0.18035,-0.17058,-0.16031,-0.16569,-0.16031,-0.14565,-0.13539,-0.14565,-0.1305,-0.11535,-0.11046,-0.12023,-0.12023,-0.11535,-0.10557,-0.11046,-0.1002,-0.11046,-0.095308,-0.09042,-0.10557,-0.11046,-0.095308,-0.095308,-0.095308,-0.095308,-0.10557,-0.065494,-0.070381,-0.070381,-0.05523,-0.060606,-0.075269,-0.085533,-0.070381,-0.060606,-0.065494,-0.060606,-0.075269,-0.050342,-0.05523,-0.050342,-0.045455,-0.025415,-0.020528,-0.050342,-0.040567,-0.035191,-0.05523,-0.065494,-0.05523,-0.050342,-0.040567,-0.050342,-0.045455,-0.065494,-0.050342,-0.05523,-0.060606,-0.065494,-0.060606,-0.05523,-0.045455,-0.045455,-0.035191,-0.030303,-0.045455,-0.040567,-0.030303,-0.020528,-0.025415,-0.025415,-0.015152,-0.010264,-0.045455,-0.025415,-0.025415,-0.45552,-0.020528,-0.035191,-0.050342,-0.015152,0.01955,0.054741,0.14467,0.21994,0.3001,0.36999,0.46481,0.47996,0.30499,0.26491,0.099707,-0.060606,-0.11535,-0.12561,-0.14565,-0.17058,-0.17546,-0.16569,-0.17546,-0.15543,-0.14565,-0.12561,-0.12023,-0.12023,-0.11046,-0.11535,-0.095308,-0.085533,-0.09042,-0.080645,-0.075269,-0.05523,-0.050342,-0.075269,-0.060606,-0.060606,-0.065494,-0.05523,-0.040567,-0.070381,-0.075269,-0.075269,-0.060606,-0.050342,-0.040567,-0.050342,-0.025415,-0.020528,-0.035191,-0.030303,-0.040567,-0.015152,-0.010264,-0.040567,-0.030303,-0.035191,-0.040567,-0.040567,-0.030303,-0.030303,-0.045455,-0.050342,-0.025415,-0.020528,-0.010264,-0.0053763,-0.020528,-0.015152,-0.025415,-0.010264,-0.0053763,-0.015152,-0.015152,-0.025415,-0.020528,-0.025415,-0.015152,-0.025415,-0.025415,-0.0053763,-0.015152,-0.015152,-0.025415,-0.035191,-0.025415,-0.020528,-0.0053763,-0.00048876,0.0097752,-0.030303,-0.00048876,0.0043988,0.0097752,-0.025415,-0.025415,-0.020528,-0.0053763,-0.37586,-0.00048876,-0.025415,-0.0053763,0.01955,0.07478,0.13978,0.22483,0.28495,0.40469,0.50978,0.56989,0.43011,0.32991,0.21994,-0.020528,-0.13539,-0.18035,-0.18573,-0.19062,-0.1955,-0.21554,-0.19062,-0.18035,-0.16569,-0.17546,-0.16569,-0.18035,-0.15054,-0.1305,-0.14565,-0.12561,-0.12023,-0.12023,-0.11535,-0.095308,-0.1002,-0.095308,-0.11535,-0.095308,-0.095308,-0.10557,-0.10557,-0.1002,-0.095308,-0.080645,-0.09042,-0.075269,-0.060606,-0.05523,-0.050342,-0.050342,-0.040567,-0.025415,-0.015152,-0.020528,-0.025415,-0.015152,-0.015152,-0.025415,-0.020528,-0.015152,-0.010264,-0.0053763,-0.025415,-0.030303,-0.00048876,-0.025415,-0.0053763,-0.00048876,-0.010264,-0.00048876,-0.010264,-0.015152,-0.0053763,-0.015152,-0.020528,-0.030303,-0.025415,-0.015152,-0.0053763,-0.020528,-0.015152,-0.00048876,-0.0053763,-0.010264,-0.00048876,0.0043988,-0.00048876,-0.010264,-0.015152,-0.00048876,0.0097752,0.01955,0.014663,0.01955,0.0097752,0.01955,-0.015152,-0.030303,-0.025415,-0.37586,-0.010264,-0.00048876,-0.015152,-0.00048876,0.024438,0.054741,0.1349,0.22483,0.3348,0.41007,0.5,0.50978,0.35484,0.28983,0.12952,-0.060606,-0.1305,-0.13539,-0.14565,-0.16031,-0.15543,-0.14565,-0.14027,-0.15054,-0.15543,-0.14027,-0.14565,-0.12023,-0.11535,-0.11046,-0.10557,-0.12023,-0.11535,-0.10557,-0.11046,-0.1002,-0.085533,-0.070381,-0.060606,-0.05523,-0.075269,-0.075269,-0.080645,-0.075269,-0.09042,-0.095308,-0.080645,-0.065494,-0.050342,-0.020528,-0.025415,-0.030303,-0.045455,-0.05523,-0.075269,-0.050342,-0.050342,-0.030303,-0.010264,-0.030303,-0.045455,-0.040567,-0.035191,-0.040567,-0.045455,-0.030303,-0.020528,-0.025415,-0.020528,-0.015152,-0.035191,-0.040567,-0.050342,-0.030303,-0.015152,-0.015152,-0.010264,-0.030303,-0.025415,-0.010264,-0.0053763,-0.025415,-0.025415,-0.010264,-0.030303,-0.0053763,0.01955,0.034702,-0.0053763,-0.010264,-0.00048876,0.0043988,-0.0053763,-0.00048876,-0.010264,0.014663,0.01955,0.0097752,-0.015152,-0.035191,-0.045455,-0.37586,-0.0053763,-0.025415,-0.010264,0.014663,0.064516,0.10459,0.19501,0.26491,0.36999,0.47019,0.56012,0.48485,0.36999,0.29472,0.084555,-0.095308,-0.14565,-0.16569,-0.16569,-0.1955,-0.20528,-0.18035,-0.15054,-0.14565,-0.16031,-0.14027,-0.13539,-0.12561,-0.12023,-0.12561,-0.1305,-0.12023,-0.12023,-0.12023,-0.095308,-0.095308,-0.09042,-0.075269,-0.1002,-0.11046,-0.09042,-0.080645,-0.095308,-0.09042,-0.11046,-0.11535,-0.075269,-0.065494,-0.085533,-0.05523,-0.065494,-0.070381,-0.060606,-0.045455,-0.05523,-0.050342,-0.050342,-0.035191,-0.030303,-0.045455,-0.025415,-0.025415,-0.030303,-0.035191,-0.030303,-0.020528,-0.0053763,-0.025415,-0.020528,-0.015152,-0.015152,-0.030303,-0.010264,-0.0053763,-0.020528,-0.00048876,-0.00048876,0.0043988,-0.0053763,0.0097752,-0.0053763,-0.00048876,-0.0053763,-0.010264,-0.00048876,0.0097752,0.014663,0.0097752,0.0043988,0.0097752,0.01955,0.029814,0.024438,0.014663,0.0097752,0.039589,0.01955,-0.015152,-0.0053763,-0.00048876,-0.37586,-0.00048876,-0.0053763,0.0097752,0.01955,0.059629,0.11486,0.22972,0.29472,0.37977,0.50489,0.6002,0.48485,0.3651,0.25464,0.049853,-0.065494,-0.12023,-0.15054,-0.15543,-0.14565,-0.15543,-0.15543,-0.16569,-0.1305,-0.12023,-0.12561,-0.12023,-0.12561,-0.12023,-0.1002,-0.095308,-0.10557,-0.09042,-0.1002,-0.085533,-0.080645,-0.080645,-0.080645,-0.075269,-0.075269,-0.085533,-0.095308,-0.085533,-0.095308,-0.09042,-0.1002,-0.080645,-0.070381,-0.065494,-0.075269,-0.05523,-0.045455,-0.050342,-0.040567,-0.045455,-0.035191,-0.025415,-0.025415,-0.030303,-0.025415,-0.035191,-0.040567,-0.015152,-0.015152,-0.025415,-0.020528,-0.015152,-0.020528,-0.00048876,0.0097752,-0.020528,-0.015152,-0.010264,-0.0053763,-0.015152,-0.010264,-0.010264,-0.010264,-0.0053763,-0.010264,-0.025415,-0.025415,-0.0053763,-0.00048876,-0.00048876,-0.00048876,-0.0053763,-0.0053763,-0.015152,-0.020528,-0.0053763,-0.010264,-0.00048876,0.0097752,0.0097752,0.01955,0.014663,-0.0053763,-0.020528,-0.015152,-0.010264,-0.010264,-0.2957,0.01955,-0.0053763,0.0043988,0.024438,0.049853,0.14467,0.2346,0.30987,0.40469,0.50978,0.52493,0.3348,0.3001,0.15494,-0.040567,-0.1305,-0.16569,-0.18035,-0.16031,-0.17058,-0.17546,-0.16569,-0.17058,-0.15543,-0.16569,-0.15543,-0.14565,-0.15054,-0.15543,-0.1002,-0.095308,-0.12023,-0.1002,-0.095308,-0.11046,-0.095308,-0.1002,-0.095308,-0.09042,-0.085533,-0.095308,-0.09042,-0.075269,-0.1002,-0.095308,-0.1002,-0.080645,-0.070381,-0.1002,-0.080645,-0.05523,-0.045455,-0.050342,-0.060606,-0.05523,-0.045455,-0.050342,-0.075269,-0.070381,-0.060606,-0.070381,-0.060606,-0.060606,-0.050342,-0.035191,-0.030303,-0.040567,-0.050342,-0.05523,-0.060606,-0.05523,-0.045455,-0.030303,-0.050342,-0.035191,-0.030303,-0.045455,-0.050342,-0.045455,-0.045455,-0.030303,-0.025415,-0.050342,-0.030303,-0.045455,-0.030303,-0.020528,-0.045455,-0.020528,-0.00048876,-0.0053763,-0.00048876,-0.025415,-0.020528,-0.050342,-0.00048876,-0.015152,-0.050342,-0.035191,-0.060606,-0.45552,-0.020528,-0.015152,-0.040567,-0.00048876,0.054741,0.12463,0.22483,0.30987,0.40469,0.5,0.52981,0.43011,0.33969,0.22483,-0.0053763,-0.12561,-0.16569,-0.16569,-0.16569,-0.17546,-0.17058,-0.16569,-0.15054,-0.14565,-0.16569,-0.14027,-0.13539,-0.11535,-0.11046,-0.12561,-0.10557,-0.095308,-0.09042,-0.095308,-0.095308,-0.09042,-0.075269,-0.075269,-0.065494,-0.095308,-0.085533,-0.080645,-0.085533,-0.095308,-0.075269,-0.065494,-0.065494,-0.075269,-0.050342,-0.050342,-0.040567,-0.050342,-0.05523,-0.040567,-0.035191,-0.045455,-0.030303,-0.030303,-0.040567,-0.045455,-0.050342,-0.025415,-0.025415,-0.020528,-0.030303,-0.015152,-0.0053763,-0.025415,-0.030303,-0.0053763,-0.015152,-0.030303,-0.025415,-0.025415,-0.015152,-0.020528,-0.010264,-0.025415,-0.015152,-0.020528,-0.015152,-0.025415,-0.030303,-0.020528,-0.015152,-0.025415,-0.025415,-0.020528,-0.015152,-0.025415,-0.010264,-0.015152,-0.00048876,-0.020528,-0.010264,-0.00048876,-0.010264,-0.020528,-0.030303,-0.025415,-0.060606,-0.37586,-0.015152,-0.025415,-0.015152,-0.0053763,0.0097752,0.079668,0.17986,0.26979,0.33969,0.45503,0.5,0.35484,0.3001,0.18964,-0.030303,-0.11535,-0.15543,-0.18573,-0.16569,-0.14565,-0.13539,-0.1305,-0.12561,-0.12561,-0.1305,-0.11046,-0.10557,-0.1305,-0.12023,-0.12023,-0.13539,-0.11535,-0.095308,-0.070381,-0.050342,-0.05523,-0.050342,-0.05523,-0.075269,-0.075269,-0.070381,-0.09042,-0.075269,-0.070381,-0.05523,-0.035191,-0.030303,-0.020528,-0.025415,-0.030303,-0.045455,-0.040567,-0.05523,-0.070381,-0.045455,-0.040567,-0.035191,-0.035191,-0.040567,-0.050342,-0.045455,-0.030303,-0.020528,-0.0053763,-0.00048876,-0.010264,-0.015152,-0.015152,-0.025415,-0.035191,-0.050342,-0.030303,-0.0053763,-0.00048876,-0.020528,-0.025415,-0.030303,-0.025415,-0.025415,-0.020528,-0.05523,-0.050342,-0.025415,-0.025415,-0.015152,-0.025415,-0.025415,-0.035191,-0.030303,-0.025415,-0.040567,-0.00048876,0.0097752,-0.010264,-0.00048876,-0.020528,-0.00048876,-0.015152,-0.020528,-0.035191,-0.040567,-0.37586,-0.025415,-0.045455,-0.00048876,0.0097752,0.059629,0.14467,0.20968,0.28495,0.39003,0.47996,0.52493,0.3998,0.30987,0.1696,-0.030303,-0.13539,-0.21065,-0.21554,-0.1955,-0.19062,-0.20528,-0.17546,-0.17058,-0.15054,-0.15543,-0.19062,-0.20039,-0.13539,-0.12561,-0.1305,-0.12023,-0.14027,-0.12561,-0.11046,-0.1002,-0.12023,-0.10557,-0.12023,-0.12023,-0.11046,-0.1002,-0.10557,-0.095308,-0.11046,-0.1305,-0.12023,-0.080645,-0.075269,-0.085533,-0.075269,-0.060606,-0.050342,-0.085533,-0.065494,-0.045455,-0.045455,-0.050342,-0.05523,-0.050342,-0.060606,-0.05523,-0.040567,-0.050342,-0.065494,-0.05523,-0.045455,-0.050342,-0.060606,-0.05523,-0.050342,-0.065494,-0.050342,-0.05523,-0.040567,-0.050342,-0.040567,-0.060606,-0.065494,-0.050342,-0.030303,-0.045455,-0.050342,-0.060606,-0.045455,-0.035191,-0.05523,-0.060606,-0.035191,-0.025415,-0.045455,-0.045455,-0.040567,-0.040567,-0.00048876,-0.025415,-0.040567,-0.045455,-0.050342,-0.030303,-0.040567,-0.45552,-0.020528,-0.050342,-0.035191,0.0043988,0.049853,0.14956,0.20968,0.3001,0.41984,0.54497,0.58504,0.42473,0.3348,0.16471,-0.040567,-0.1305,-0.15543,-0.17546,-0.19062,-0.17058,-0.16569,-0.16569,-0.16031,-0.16569,-0.16569,-0.16569,-0.14565,-0.15054,-0.14027,-0.12023,-0.12023,-0.12023,-0.11535,-0.10557,-0.10557,-0.1002,-0.10557,-0.095308,-0.095308,-0.1002,-0.10557,-0.1305,-0.11046,-0.075269,-0.070381,-0.080645,-0.09042,-0.080645,-0.075269,-0.065494,-0.070381,-0.045455,-0.050342,-0.045455,-0.035191,-0.045455,-0.050342,-0.05523,-0.040567,-0.035191,-0.025415,-0.025415,-0.015152,-0.010264,-0.010264,-0.020528,-0.025415,-0.0053763,-0.015152,-0.025415,-0.020528,-0.030303,-0.045455,-0.025415,-0.025415,-0.045455,-0.030303,-0.045455,-0.050342,-0.025415,-0.025415,-0.045455,-0.035191,-0.030303,-0.050342,-0.025415,-0.030303,-0.035191,-0.040567,-0.020528,-0.0053763,-0.00048876,-0.015152,-0.00048876,-0.010264,-0.00048876,-0.030303,-0.040567,-0.030303,-0.025415,-0.45552,-0.020528,-0.0053763,-0.035191,-0.025415,-0.010264,0.024438,0.11486,0.20479,0.28983,0.38514,0.5,0.52004,0.31965,0.27468,0.11486,-0.05523,-0.14565,-0.17058,-0.20039,-0.19062,-0.19062,-0.17058,-0.18035,-0.16569,-0.14565,-0.14565,-0.14565,-0.13539,-0.14565,-0.15543,-0.14027,-0.14565,-0.12023,-0.12023,-0.1002,-0.1002,-0.10557,-0.1002,-0.095308,-0.080645,-0.075269,-0.080645,-0.085533,-0.09042,-0.085533,-0.085533,-0.095308,-0.095308,-0.085533,-0.070381,-0.065494,-0.085533,-0.075269,-0.065494,-0.070381,-0.060606,-0.080645,-0.085533,-0.080645,-0.05523,-0.065494,-0.075269,-0.050342,-0.075269,-0.065494,-0.05523,-0.050342,-0.05523,-0.060606,-0.05523,-0.065494,-0.065494,-0.05523,-0.030303,-0.030303,-0.045455,-0.060606,-0.05523,-0.065494,-0.060606,-0.070381,-0.045455,-0.045455,-0.060606,-0.075269,-0.045455,-0.035191,-0.045455,-0.05523,-0.050342,-0.040567,-0.050342,-0.020528,-0.00048876,0.014663,-0.0053763,0.0043988,-0.025415,-0.070381,-0.050342,-0.045455,-0.45552,-0.015152,-0.050342,-0.00048876,0.024438,0.059629,0.12463,0.22972,0.30987,0.40469,0.50978,0.55523,0.40469,0.31965,0.1696,-0.035191,-0.14565,-0.17546,-0.1955,-0.20039,-0.19062,-0.21065,-0.18035,-0.17058,-0.17058,-0.16569,-0.14565,-0.14027,-0.15543,-0.14027,-0.14565,-0.1305,-0.11535,-0.11535,-0.10557,-0.1002,-0.1002,-0.11535,-0.11535,-0.10557,-0.11046,-0.095308,-0.095308,-0.095308,-0.1002,-0.095308,-0.11046,-0.09042,-0.080645,-0.070381,-0.05523,-0.050342,-0.065494,-0.035191,-0.020528,-0.030303,-0.050342,-0.025415,-0.025415,-0.015152,-0.035191,-0.010264,-0.00048876,-0.0053763,-0.00048876,-0.0053763,-0.00048876,-0.00048876,0.0043988,-0.00048876,-0.00048876,-0.015152,-0.025415,-0.00048876,-0.00048876,-0.020528,-0.025415,-0.025415,-0.020528,-0.015152,-0.010264,-0.025415,-0.015152,-0.010264,-0.0053763,-0.00048876,0.0043988,0.0097752,0.0043988,-0.00048876,-0.00048876,-0.00048876,0.01955,0.029814,0.01955,0.029814,0.034702,0.0097752,-0.00048876,0.0097752,-0.00048876,-0.45552,0.014663,0.0097752,0.0097752,0.014663,0.044477,0.089932,0.1696,0.25464,0.3348,0.40469,0.52493,0.47019,0.35484,0.28983,0.13978,-0.035191,-0.095308,-0.12561,-0.1305,-0.14027,-0.1305,-0.13539,-0.12561,-0.1305,-0.13539,-0.12561,-0.11535,-0.10557,-0.12023,-0.1305,-0.095308,-0.095308,-0.10557,-0.095308,-0.095308,-0.095308,-0.1002,-0.09042,-0.085533,-0.075269,-0.075269,-0.070381,-0.075269,-0.09042,-0.095308,-0.09042,-0.085533,-0.075269,-0.09042,-0.075269,-0.075269,-0.05523,-0.050342,-0.05523,-0.045455,-0.050342,-0.060606,-0.065494,-0.050342,-0.045455,-0.045455,-0.040567,-0.050342,-0.050342,-0.040567,-0.045455,-0.05523,-0.050342,-0.040567,-0.05523,-0.060606,-0.050342,-0.020528,-0.040567,-0.045455,-0.030303,-0.040567,-0.025415,-0.025415,-0.030303,-0.025415,-0.045455,-0.040567,-0.035191,-0.040567,-0.030303,-0.025415,-0.025415,-0.025415,-0.035191,-0.025415,-0.025415,0.0043988,0.01955,-0.0053763,-0.00048876,-0.010264,0.0043988,-0.0053763,-0.00048876,-0.00048876,-0.45552,0.0043988,0.014663,-0.0053763,0.0043988,0.024438,0.059629,0.14956,0.2346,0.33969,0.41007,0.50978,0.53519,0.34506,0.29472,0.16471,-0.040567,-0.1305,-0.16031,-0.15543,-0.16031,-0.15054,-0.14565,-0.14565,-0.15054,-0.1305,-0.15543,-0.1305,-0.12023,-0.12561,-0.12561,-0.1305,-0.12023,-0.12023,-0.12023,-0.11046,-0.10557,-0.095308,-0.1002,-0.12023,-0.12023,-0.10557,-0.11535,-0.1002,-0.095308,-0.11535,-0.1002,-0.10557,-0.10557,-0.095308,-0.085533,-0.080645,-0.075269,-0.065494,-0.060606,-0.05523,-0.050342,-0.070381,-0.075269,-0.075269,-0.050342,-0.060606,-0.070381,-0.070381,-0.060606,-0.065494,-0.065494,-0.050342,-0.040567,-0.045455,-0.025415,-0.045455,-0.050342,-0.030303,-0.030303,-0.035191,-0.05523,-0.060606,-0.015152,-0.040567,-0.050342,-0.035191,-0.040567,-0.040567,-0.045455,-0.035191,-0.035191,-0.015152,-0.010264,-0.025415,-0.025415,-0.025415,0.0043988,-0.00048876,-0.00048876,0.0043988,0.0097752,-0.010264,-0.010264,-0.035191,-0.015152,-0.00048876,-0.45552,0.0043988,-0.00048876,0.0097752,0.0043988,0.07478,0.13978,0.24487,0.31965,0.41496,0.52981,0.58016,0.41007,0.31965,0.20479,0.0043988,-0.10557,-0.14027,-0.16569,-0.18035,-0.17058,-0.15054,-0.14565,-0.16031,-0.16569,-0.14565,-0.14565,-0.1305,-0.12023,-0.12023,-0.10557,-0.09042,-0.080645,-0.085533,-0.075269,-0.065494,-0.05523,-0.070381,-0.060606,-0.065494,-0.050342,-0.075269,-0.065494,-0.045455,-0.060606,-0.050342,-0.050342,-0.035191,-0.030303,-0.050342,-0.020528,-0.015152,-0.020528,-0.015152,-0.025415,-0.030303,-0.025415,-0.010264,-0.025415,-0.025415,-0.015152,-0.010264,-0.020528,-0.0053763,-0.015152,0.0043988,-0.00048876,-0.00048876,0.0097752,0.0097752,-0.010264,0.0097752,0.01955,0.01955,0.01955,-0.00048876,0.014663,0.0097752,-0.00048876,-0.0053763,-0.010264,-0.00048876,0.0043988,0.0097752,0.0097752,-0.010264,0.0097752,0.014663,-0.00048876,0.0097752,0.014663,0.0097752,0.01955,0.024438,0.014663,0.01955,0.029814,0.014663,0.0043988,-0.00048876,-0.00048876,-0.45552,0.01955,-0.00048876,0.0097752,0.014663,0.049853,0.07478,0.14956,0.26002,0.34506,0.41007,0.52493,0.54497,0.3651,0.30499,0.13978,-0.035191,-0.1002,-0.1305,-0.13539,-0.14027,-0.12561,-0.13539,-0.1305,-0.12561,-0.11535,-0.10557,-0.095308,-0.095308,-0.095308,-0.085533,-0.09042,-0.085533,-0.085533,-0.070381,-0.060606,-0.05523,-0.075269,-0.065494,-0.05523,-0.075269,-0.050342,-0.040567,-0.035191,-0.050342,-0.050342,-0.050342,-0.045455,-0.040567,-0.035191,-0.050342,-0.040567,-0.030303,-0.030303,-0.020528,-0.015152,-0.020528,-0.015152,-0.00048876,-0.00048876,-0.010264,-0.025415,-0.030303,-0.020528,-0.0053763,-0.00048876,-0.015152,-0.015152,-0.00048876,0.0043988,0.0043988,-0.00048876,-0.00048876,-0.00048876,0.014663,0.014663,0.0097752,0.0043988,0.0097752,-0.00048876,0.0043988,-0.00048876,-0.00048876,-0.0053763,0.0043988,-0.0053763,-0.010264,-0.015152,-0.030303,-0.015152,-0.00048876,0.01955,-0.00048876,0.0097752,0.014663,0.024438,0.01955,0.0043988,-0.0053763,0.0043988,0.0097752,0.0043988,-0.37586,0.014663,-0.010264,-0.00048876,0.014663,0.07478,0.12463,0.22483,0.30987,0.41007,0.50489,0.54008,0.43011,0.33969,0.23998,0.034702,-0.095308,-0.13539,-0.14565,-0.16569,-0.19062,-0.18035,-0.16569,-0.16569,-0.14565,-0.15543,-0.14027,-0.14565,-0.12561,-0.11535,-0.11046,-0.12023,-0.095308,-0.080645,-0.095308,-0.095308,-0.1002,-0.080645,-0.070381,-0.065494,-0.09042,-0.085533,-0.095308,-0.065494,-0.080645,-0.075269,-0.05523,-0.060606,-0.065494,-0.030303,-0.025415,-0.0053763,-0.025415,-0.020528,-0.00048876,-0.020528,-0.010264,-0.025415,-0.030303,0.0043988,0.0097752,-0.020528,-0.00048876,0.0043988,-0.00048876,-0.00048876,0.0043988,-0.00048876,0.01955,-0.00048876,0.0043988,-0.00048876,0.0043988,-0.00048876,0.01955,0.0097752,-0.00048876,-0.025415,-0.00048876,-0.0053763,0.014663,-0.00048876,-0.00048876,-0.035191,-0.00048876,-0.00048876,0.01955,0.0043988,-0.015152,-0.00048876,-0.00048876,0.024438,0.0097752,0.0097752,0.024438,0.014663,0.014663,-0.0053763,-0.015152,0.0097752,-0.2957,0.034702,-0.025415,-0.020528,-0.0053763,0.059629,0.10948,0.1999,0.26002,0.36999,0.47507,0.59531,0.6002,0.39492,0.32502,0.15982,-0.020528,-0.12023,-0.14565,-0.15543,-0.15054,-0.14565,-0.14565,-0.13539,-0.1305,-0.13539,-0.12023,-0.15543,-0.11535,-0.085533,-0.09042,-0.09042,-0.080645,-0.075269,-0.085533,-0.065494,-0.05523,-0.070381,-0.05523,-0.045455,-0.050342,-0.035191,-0.075269,-0.05523,-0.045455,-0.025415,-0.025415,-0.025415,-0.035191,-0.010264,-0.030303,-0.015152,-0.00048876,-0.00048876,-0.010264,-0.00048876,-0.010264,-0.025415,-0.010264,-0.00048876,-0.0053763,-0.010264,0.0043988,-0.00048876,-0.00048876,-0.00048876,-0.010264,-0.020528,0.0097752,0.014663,-0.015152,-0.010264,-0.00048876,-0.010264,-0.00048876,0.0043988,-0.0053763,-0.020528,-0.0053763,-0.025415,-0.020528,-0.010264,-0.025415,-0.020528,-0.010264,-0.010264,-0.00048876,-0.020528,-0.025415,0.0097752,-0.00048876,0.01955,0.0097752,0.01955,0.0043988,0.01955,0.01955,0.029814,-0.00048876,-0.015152,-0.015152,-0.010264,-0.2957,-0.00048876,-0.030303,-0.015152,0.0043988,0.039589,0.084555,0.18964,0.27468,0.33969,0.43011,0.50489,0.37977,0.29472,0.22483,0.029814,-0.10557,-0.14565,-0.16569,-0.18035,-0.16569,-0.15054,-0.16031,-0.15543,-0.15054,-0.16569,-0.15054,-0.13539,-0.12023,-0.11046,-0.11535,-0.1002,-0.095308,-0.12561,-0.10557,-0.095308,-0.09042,-0.085533,-0.1002,-0.085533,-0.075269,-0.070381,-0.085533,-0.080645,-0.095308,-0.075269,-0.075269,-0.070381,-0.080645,-0.09042,-0.080645,-0.09042,-0.075269,-0.075269,-0.075269,-0.070381,-0.065494,-0.065494,-0.070381,-0.065494,-0.070381,-0.060606,-0.065494,-0.050342,-0.05523,-0.065494,-0.050342,-0.070381,-0.060606,-0.075269,-0.060606,-0.050342,-0.060606,-0.060606,-0.065494,-0.045455,-0.025415,-0.065494,-0.075269,-0.05523,-0.045455,-0.045455,-0.060606,-0.075269,-0.050342,-0.05523,-0.05523,-0.050342,-0.065494,-0.045455,-0.040567,-0.05523,-0.060606,-0.05523,-0.050342,-0.065494,-0.05523,-0.050342,-0.05523,-0.080645,-0.080645,-0.37586,-0.05523,-0.075269,-0.05523,-0.040567,0.0097752,0.07478,0.17986,0.22972,0.31965,0.43011,0.51515,0.43988,0.31965,0.22483,0.014663,-0.14565,-0.20039,-0.21554,-0.21554,-0.24047,-0.26051,-0.22532,-0.21065,-0.21554,-0.21554,-0.19062,-0.1955,-0.20039,-0.18035,-0.19062,-0.17058,-0.15543,-0.14565,-0.16569,-0.16031,-0.14565,-0.16031,-0.15054,-0.16569,-0.16569,-0.18035,-0.15054,-0.15054,-0.15543,-0.15543,-0.14565,-0.15054,-0.12561,-0.09042,-0.12561,-0.13539,-0.10557,-0.1002,-0.080645,-0.075269,-0.095308,-0.10557,-0.075269,-0.070381,-0.075269,-0.075269,-0.080645,-0.085533,-0.075269,-0.070381,-0.070381,-0.060606,-0.05523,-0.045455,-0.045455,-0.040567,-0.060606,-0.050342,-0.045455,-0.050342,-0.040567,-0.025415,-0.050342,-0.050342,-0.050342,-0.035191,-0.035191,-0.045455,-0.050342,-0.025415,-0.035191,-0.045455,-0.040567,-0.030303,-0.015152,-0.00048876,-0.00048876,-0.00048876,-0.0053763,-0.010264,0.0043988,-0.015152,-0.035191,-0.025415,-0.45552,-0.015152,-0.00048876,-0.0053763,0.0097752,0.039589,0.069892,0.14956,0.21994,0.3001,0.41984,0.54008,0.56012,0.40469,0.31965,0.13978,-0.035191,-0.12561,-0.14027,-0.16031,-0.16569,-0.16569,-0.14565,-0.14027,-0.13539,-0.12561,-0.13539,-0.14027,-0.12561,-0.10557,-0.11046,-0.09042,-0.085533,-0.11535,-0.10557,-0.095308,-0.09042,-0.095308,-0.065494,-0.075269,-0.085533,-0.09042,-0.080645,-0.075269,-0.095308,-0.09042,-0.095308,-0.065494,-0.060606,-0.070381,-0.065494,-0.05523,-0.040567,-0.035191,-0.050342,-0.050342,-0.035191,-0.035191,-0.040567,-0.025415,-0.020528,-0.025415,-0.020528,-0.010264,-0.0053763,-0.010264,-0.010264,-0.020528,-0.010264,-0.015152,-0.030303,0.0043988,-0.030303,-0.035191,-0.0053763,-0.00048876,-0.00048876,0.0043988,-0.00048876,-0.010264,-0.0053763,-0.015152,-0.010264,-0.015152,-0.020528,-0.0053763,0.0043988,-0.0053763,0.014663,0.01955,-0.010264,-0.00048876,0.0097752,0.0043988,0.01955,0.01955,0.01955,0.029814,0.039589,0.014663,-0.0053763,-0.00048876,0.014663,-0.37586,0.029814,0.0043988,0.0043988,0.014663,0.079668,0.12952,0.22483,0.30987,0.38514,0.47019,0.51515,0.39492,0.32502,0.24487,0.044477,-0.09042,-0.1305,-0.15054,-0.17058,-0.16569,-0.16569,-0.15543,-0.16569,-0.15054,-0.14027,-0.12023,-0.13539,-0.1305,-0.12561,-0.12023,-0.11046,-0.1002,-0.085533,-0.095308,-0.09042,-0.1002,-0.10557,-0.09042,-0.080645,-0.085533,-0.09042,-0.10557,-0.1002,-0.095308,-0.075269,-0.075269,-0.09042,-0.09042,-0.080645,-0.075269,-0.065494,-0.050342,-0.060606,-0.080645,-0.050342,-0.040567,-0.060606,-0.05523,-0.015152,-0.030303,-0.080645,-0.065494,-0.050342,-0.070381,-0.05523,-0.050342,-0.040567,-0.035191,-0.070381,-0.075269,-0.060606,-0.040567,-0.045455,-0.050342,-0.050342,-0.05523,-0.050342,-0.045455,-0.045455,-0.025415,-0.035191,-0.040567,-0.060606,-0.070381,-0.030303,-0.020528,-0.045455,-0.050342,-0.015152,-0.045455,-0.025415,-0.020528,-0.015152,-0.025415,-0.020528,-0.0053763,-0.040567,-0.065494,-0.045455,-0.050342,-0.45552,-0.025415,-0.075269,-0.030303,0.0097752,0.084555,0.16471,0.23998,0.34506,0.44477,0.565,0.58504,0.39003,0.30987,0.1349,-0.070381,-0.17546,-0.21065,-0.19062,-0.16569,-0.16031,-0.17546,-0.18573,-0.16569,-0.14565,-0.15054,-0.15543,-0.14027,-0.13539,-0.14027,-0.1305,-0.11046,-0.1305,-0.12023,-0.1002,-0.085533,-0.080645,-0.085533,-0.080645,-0.095308,-0.080645,-0.075269,-0.080645,-0.095308,-0.09042,-0.095308,-0.065494,-0.065494,-0.080645,-0.065494,-0.05523,-0.050342,-0.040567,-0.050342,-0.050342,-0.060606,-0.040567,-0.045455,-0.030303,-0.025415,-0.035191,-0.030303,-0.030303,-0.025415,-0.020528,-0.015152,-0.025415,-0.020528,-0.020528,-0.020528,-0.015152,-0.010264,-0.030303,-0.025415,-0.015152,-0.00048876,-0.0053763,-0.020528,-0.025415,-0.00048876,-0.010264,-0.025415,-0.010264,-0.0053763,-0.025415,-0.015152,-0.010264,-0.020528,-0.00048876,-0.00048876,0.0043988,0.014663,0.01955,0.0097752,0.014663,0.014663,0.0043988,-0.015152,-0.015152,-0.025415,-0.37586,-0.0053763,-0.025415,-0.010264,0.0097752,0.034702,0.064516,0.1349,0.2346,0.31965,0.3998,0.49511,0.51515,0.35973,0.30987,0.16471,-0.040567,-0.11535,-0.14027,-0.1305,-0.12561,-0.14027,-0.1305,-0.12561,-0.12023,-0.1305,-0.12023,-0.11535,-0.11046,-0.095308,-0.1002,-0.10557,-0.085533,-0.080645,-0.075269,-0.075269,-0.080645,-0.095308,-0.075269,-0.075269,-0.085533,-0.075269,-0.065494,-0.075269,-0.05523,-0.045455,-0.05523,-0.065494,-0.050342,-0.05523,-0.045455,-0.050342,-0.025415,-0.030303,-0.045455,-0.050342,-0.040567,-0.050342,-0.030303,-0.025415,-0.025415,-0.025415,-0.020528,-0.030303,-0.025415,-0.025415,-0.030303,-0.035191,-0.025415,-0.0053763,-0.020528,-0.030303,-0.050342,-0.045455,-0.050342,-0.0053763,-0.015152,-0.030303,-0.040567,-0.030303,-0.030303,-0.025415,-0.035191,-0.050342,-0.045455,-0.035191,-0.025415,-0.025415,-0.025415,-0.020528,-0.030303,-0.035191,0.0097752,-0.025415,-0.025415,-0.0053763,-0.00048876,0.0043988,-0.030303,-0.025415,-0.0053763,-0.37586,-0.00048876,-0.010264,0.01955,0.014663,0.049853,0.079668,0.20479,0.24976,0.35484,0.43988,0.54497,0.50489,0.39003,0.3001,0.10948,-0.080645,-0.15054,-0.17058,-0.1955,-0.19062,-0.18035,-0.16569,-0.16569,-0.16031,-0.16569,-0.15543,-0.16569,-0.14565,-0.14565,-0.12023,-0.11535,-0.1002,-0.10557,-0.11046,-0.1002,-0.12023,-0.12561,-0.09042,-0.095308,-0.095308,-0.11046,-0.12023,-0.09042,-0.11535,-0.12561,-0.11535,-0.1002,-0.11046,-0.065494,-0.05523,-0.080645,-0.05523,-0.030303,-0.050342,-0.030303,-0.045455,-0.050342,-0.050342,-0.05523,-0.060606,-0.030303,-0.010264,-0.0053763,-0.020528,-0.015152,-0.010264,-0.00048876,-0.015152,-0.025415,-0.0053763,-0.015152,-0.0053763,-0.015152,-0.0053763,-0.025415,-0.030303,-0.025415,-0.020528,-0.035191,-0.010264,-0.015152,-0.010264,-0.010264,0.0043988,0.014663,0.0043988,-0.010264,-0.00048876,-0.00048876,-0.0053763,-0.010264,0.0043988,-0.00048876,0.024438,0.01955,0.0097752,-0.0053763,-0.015152,-0.0053763,-0.00048876,-0.37586,0.01955,-0.00048876,0.0043988,0.054741,0.084555,0.14467,0.20968,0.34506,0.45015,0.56012,0.57527,0.41496,0.32502,0.16471,-0.025415,-0.11046,-0.13539,-0.15054,-0.16569,-0.14565,-0.14027,-0.14027,-0.13539,-0.14565,-0.11046,-0.13539,-0.12561,-0.12023,-0.11046,-0.095308,-0.095308,-0.080645,-0.075269,-0.09042,-0.065494,-0.070381,-0.065494,-0.080645,-0.05523,-0.050342,-0.065494,-0.075269,-0.065494,-0.060606,-0.070381,-0.075269,-0.070381,-0.050342,-0.045455,-0.030303,-0.050342,-0.050342,-0.040567,-0.050342,-0.05523,-0.030303,-0.015152,-0.020528,-0.030303,-0.025415,-0.040567,-0.035191,-0.025415,-0.025415,-0.025415,-0.020528,-0.010264,-0.025415,-0.025415,-0.025415,-0.0053763,-0.015152,-0.020528,-0.025415,-0.0053763,-0.020528,-0.015152,-0.015152,-0.020528,-0.025415,-0.020528,-0.025415,-0.020528,-0.025415,-0.025415,-0.020528,-0.00048876,-0.010264,-0.00048876,-0.0053763,-0.025415,-0.020528,0.0097752,0.014663,-0.00048876,-0.00048876,-0.010264,-0.0053763,-0.030303,-0.035191,-0.37586,-0.020528,-0.040567,-0.035191,-0.020528,0.029814,0.064516,0.14956,0.22972,0.31476,0.40469,0.48485,0.42473,0.30987,0.24487,0.089932,-0.085533,-0.15054,-0.16569,-0.16569,-0.17058,-0.16569,-0.16031,-0.15054,-0.13539,-0.12561,-0.12023,-0.12561,-0.12561,-0.12023,-0.10557,-0.095308,-0.095308,-0.10557,-0.11046,-0.11535,-0.1002,-0.09042,-0.075269,-0.085533,-0.095308,-0.065494,-0.075269,-0.095308,-0.095308,-0.095308,-0.09042,-0.080645,-0.09042,-0.075269,-0.070381,-0.080645,-0.080645,-0.075269,-0.065494,-0.075269,-0.085533,-0.085533,-0.075269,-0.050342,-0.060606,-0.070381,-0.075269,-0.050342,-0.050342,-0.05523,-0.060606,-0.050342,-0.065494,-0.050342,-0.050342,-0.045455,-0.045455,-0.040567,-0.070381,-0.05523,-0.045455,-0.075269,-0.050342,-0.040567,-0.065494,-0.060606,-0.040567,-0.030303,-0.05523,-0.05523,-0.050342,-0.060606,-0.050342,-0.040567,-0.025415,-0.015152,-0.025415,-0.040567,-0.020528,-0.035191,-0.015152,-0.030303,-0.040567,-0.045455,-0.050342,-0.37586,-0.025415,-0.045455,-0.015152,0.024438,0.064516,0.14956,0.22972,0.32502,0.41007,0.50978,0.54497,0.41496,0.32991,0.17986,-0.035191,-0.15054,-0.1955,-0.19062,-0.18573,-0.18573,-0.19062,-0.19062,-0.1955,-0.17546,-0.17546,-0.14565,-0.14565,-0.15054,-0.1305,-0.14027,-0.14027,-0.12023,-0.11046,-0.095308,-0.1002,-0.11046,-0.11535,-0.095308,-0.080645,-0.095308,-0.10557,-0.095308,-0.085533,-0.09042,-0.095308,-0.095308,-0.070381,-0.060606,-0.085533,-0.070381,-0.040567,-0.025415,-0.035191,-0.050342,-0.050342,-0.045455,-0.050342,-0.030303,-0.030303,-0.035191,-0.040567,-0.035191,-0.050342,-0.025415,-0.015152,-0.0053763,-0.010264,-0.00048876,-0.0053763,-0.0053763,-0.015152,-0.0053763,-0.00048876,-0.00048876,-0.00048876,-0.015152,-0.025415,-0.020528,-0.015152,-0.025415,-0.010264,-0.010264,-0.0053763,-0.0053763,-0.00048876,-0.00048876,0.0043988,-0.010264,0.0097752,0.014663,0.024438,0.0097752,-0.00048876,0.0043988,0.01955,0.024438,-0.010264,-0.020528,-0.0053763,-0.37586,-0.00048876,0.0097752,-0.010264,-0.00048876,0.024438,0.079668,0.14956,0.21994,0.32502,0.40469,0.49022,0.43988,0.3348,0.29472,0.11486,-0.060606,-0.11046,-0.1305,-0.15054,-0.15054,-0.12561,-0.12023,-0.1305,-0.14565,-0.14027,-0.13539,-0.14565,-0.13539,-0.14027,-0.1305,-0.1305,-0.12023,-0.11046,-0.11535,-0.095308,-0.095308,-0.085533,-0.095308,-0.080645,-0.09042,-0.080645,-0.070381,-0.075269,-0.095308,-0.085533,-0.080645,-0.09042,-0.065494,-0.05523,-0.080645,-0.085533,-0.05523,-0.050342,-0.050342,-0.045455,-0.035191,-0.05523,-0.050342,-0.060606,-0.05523,-0.050342,-0.070381,-0.050342,-0.045455,-0.050342,-0.040567,-0.05523,-0.040567,-0.040567,-0.025415,-0.030303,-0.035191,-0.025415,-0.015152,-0.040567,-0.030303,-0.035191,-0.050342,-0.045455,-0.050342,-0.050342,-0.045455,-0.030303,-0.045455,-0.05523,-0.045455,-0.025415,-0.035191,-0.05523,-0.025415,-0.0053763,-0.00048876,-0.015152,-0.025415,-0.010264,-0.00048876,-0.010264,-0.030303,-0.040567,-0.025415,-0.37586,-0.010264,-0.00048876,-0.020528,-0.0053763,0.034702,0.084555,0.1696,0.23998,0.3348,0.43988,0.54497,0.55523,0.39003,0.30987,0.14956,-0.035191,-0.11046,-0.1305,-0.12023,-0.13539,-0.12023,-0.1305,-0.095308,-0.12023,-0.11046,-0.095308,-0.080645,-0.085533,-0.09042,-0.075269,-0.075269,-0.070381,-0.05523,-0.05523,-0.065494,-0.065494,-0.065494,-0.05523,-0.060606,-0.070381,-0.065494,-0.050342,-0.05523,-0.050342,-0.060606,-0.060606,-0.050342,-0.050342,-0.05523,-0.045455,-0.025415,-0.025415,-0.025415,-0.015152,-0.035191,-0.045455,-0.025415,-0.025415,-0.0053763,-0.00048876,-0.010264,-0.025415,-0.025415,-0.025415,-0.015152,-0.020528,-0.015152,-0.020528,-0.020528,-0.025415,-0.0053763,-0.015152,-0.010264,-0.0053763,0.0097752,-0.00048876,-0.00048876,-0.00048876,-0.00048876,-0.010264,-0.00048876,-0.00048876,-0.00048876,-0.020528,-0.035191,-0.00048876,-0.0053763,-0.00048876,-0.00048876,0.0043988,0.0097752,-0.00048876,0.014663,0.01955,0.0043988,0.0043988,0.014663,-0.00048876,-0.025415,-0.020528,-0.010264,-0.37586,-0.015152,-0.025415,-0.00048876,0.0043988,0.039589,0.079668,0.18964,0.26002,0.34995,0.43011,0.52004,0.45015,0.35973,0.24976,0.069892,-0.1002,-0.17546,-0.1955,-0.18035,-0.1955,-0.18573,-0.17058,-0.19062,-0.16569,-0.17058,-0.19062,-0.15543,-0.13539,-0.15543,-0.14565,-0.15054,-0.13539,-0.12561,-0.13539,-0.12561,-0.12023,-0.12023,-0.11535,-0.13539,-0.11046,-0.12023,-0.12561,-0.12023,-0.12561,-0.13539,-0.1002,-0.095308,-0.09042,-0.1002,-0.10557,-0.070381,-0.065494,-0.065494,-0.050342,-0.075269,-0.05523,-0.050342,-0.065494,-0.05523,-0.060606,-0.05523,-0.065494,-0.050342,-0.05523,-0.045455,-0.050342,-0.05523,-0.065494,-0.060606,-0.070381,-0.075269,-0.060606,-0.045455,-0.060606,-0.070381,-0.065494,-0.05523,-0.065494,-0.060606,-0.060606,-0.040567,-0.030303,-0.045455,-0.050342,-0.020528,-0.0053763,-0.015152,-0.010264,-0.010264,-0.0053763,-0.020528,0.0043988,0.014663,-0.00048876,0.01955,-0.035191,-0.00048876,-0.025415,-0.035191,-0.025415,-0.37586,-0.0053763,0.0097752,-0.020528,-0.025415,0.069892,0.079668,0.18964,0.25464,0.3348,0.43011,0.52493,0.47019,0.34506,0.28983,0.089932,-0.095308,-0.15543,-0.19062,-0.19062,-0.17546,-0.18573,-0.17546,-0.18035,-0.17058,-0.18035,-0.17546,-0.18035,-0.15543,-0.14565,-0.16569,-0.13539,-0.1305,-0.12561,-0.12023,-0.12023,-0.12023,-0.11046,-0.10557,-0.12023,-0.12561,-0.11535,-0.11046,-0.1305,-0.13539,-0.10557,-0.095308,-0.11535,-0.12023,-0.070381,-0.075269,-0.070381,-0.065494,-0.095308,-0.085533,-0.070381,-0.050342,-0.045455,-0.05523,-0.050342,-0.065494,-0.050342,-0.060606,-0.035191,-0.025415,-0.05523,-0.025415,-0.035191,-0.045455,-0.065494,-0.075269,-0.040567,-0.025415,-0.025415,-0.010264,-0.035191,-0.050342,-0.070381,-0.05523,-0.05523,-0.050342,-0.080645,-0.035191,-0.0053763,-0.045455,-0.050342,-0.045455,-0.050342,-0.05523,-0.025415,-0.025415,-0.015152,-0.020528,-0.040567,-0.045455,-0.015152,-0.025415,0.0043988,0.01955,0.034702,-0.0053763,-0.010264,-0.045455,-0.065494,-0.45552,-0.030303,-0.05523,-0.015152,0.0097752,0.049853,0.10948,0.20968,0.30987,0.38514,0.47507,0.49511,0.39492,0.30499,0.1349,-0.050342,-0.1305,-0.14565,-0.17546,-0.21554,-0.18573,-0.17058,-0.17546,-0.15543,-0.16569,-0.16031,-0.16569,-0.13539,-0.095308,-0.09042,-0.060606,-0.09042,-0.050342,-0.095308,-0.075269,-0.09042,-0.020528,-0.035191,-0.0053763,-0.00048876,-0.080645,-0.05523,-0.025415,-0.035191,-0.015152,0.0043988,0.01955,-0.045455,-0.025415,-0.015152,-0.040567,-0.035191,-0.020528,-0.035191,-0.1002,-0.040567,-0.50049,-0.035191,-0.025415,-0.070381,-0.030303,0.07478,0.10948,0.21457,0.28495,0.32502,0.45992,0.52004,0.52981,0.32991,0.31476,0.11975,-0.035191,-0.12023,-0.17058,-0.21554,-0.24536,-0.17058,-0.16569,-0.24047,-0.14565,-0.13539,-0.23558,-0.15543,-0.11535,-0.14565,-0.15054,-0.10557,-0.15054,-0.12561,-0.13539,-0.1002,-0.12561,-0.095308,-0.095308,-0.10557,-0.075269,-0.15054,-0.11535,-0.070381,-0.085533,-0.12023,-0.1305,-0.10557,-0.12561,-0.085533,-0.080645,-0.060606,-0.09042,-0.095308,-0.025415,-0.015152,-0.065494,-0.070381,-0.050342,-0.075269,-0.060606,-0.065494,-0.045455,-0.060606,-0.030303,-0.040567,-0.050342,0.0043988,0.01955,-0.020528,-0.020528,-0.015152,-0.050342,-0.020528,0.0043988,-0.010264,-0.00048876,-0.025415,-0.035191,-0.070381,-0.025415,-0.025415,-0.025415,-0.025415,-0.015152,-0.035191,-0.015152,-0.00048876,-0.020528,-0.05523,-0.015152,-0.00048876,0.0043988,-0.0053763,-0.010264,0.049853,-0.010264,-0.020528,0.01955,-0.065494,-0.075269,-0.040567,-0.50049,0.0043988,-0.015152,-0.025415,-0.00048876,0.029814,0.14467,0.20968,0.26002,0.38514,0.47019,0.49511,0.31476,0.29472,0.22972,0.01955,-0.095308,-0.14027,-0.16031,-0.18035,-0.1955,-0.18035,-0.16569,-0.15543,-0.14565,-0.14565,-0.17058,-0.12023,-0.10557,-0.16031,-0.11535,-0.13539,-0.065494,-0.05523,-0.12023,-0.085533,-0.060606,-0.075269,-0.060606,-0.050342,-0.020528,-0.015152,-0.060606,-0.075269,-0.09042,-0.095308,-0.070381,-0.085533,-0.080645,-0.045455,-0.065494,-0.070381,-0.075269,-0.05523,-0.075269,-0.075269,-0.085533,-0.11046,-0.080645,-0.095308,-0.075269,-0.05523,-0.030303,-0.080645,-0.05523,-0.025415,-0.020528,-0.015152,-0.035191,-0.025415,-0.060606,-0.065494,-0.035191,-0.030303,-0.050342,-0.020528,-0.00048876,-0.00048876,0.0097752,-0.030303,-0.065494,-0.020528,-0.025415,-0.00048876,-0.030303,-0.010264,-0.0053763,-0.015152,0.0043988,-0.025415,0.034702,0.039589,-0.050342,-0.030303,0.0097752,0.014663,-0.015152,-0.00048876,-0.015152,-0.030303,-0.015152,0.0097752,-0.015152,-0.50049,-0.00048876,-0.0053763,0.069892,0.079668,-0.00048876,0.099707,0.22972,0.28983,0.39492,0.47019,0.56012,0.47996,0.37977,0.32991,0.099707,-0.080645,-0.15054,-0.14565,-0.15054,-0.14565,-0.16569,-0.15054,-0.16569,-0.15543,-0.18035,-0.10557,-0.095308,-0.15543,-0.12023,-0.085533,-0.070381,-0.11046,-0.065494,-0.12561,-0.09042,-0.075269,-0.095308,-0.09042,-0.065494,-0.050342,-0.085533,-0.060606,-0.050342,-0.095308,-0.1002,-0.070381,-0.070381,-0.060606,-0.09042,-0.050342,-0.045455,-0.050342,-0.030303,0.0097752,-0.015152,-0.050342,0.0043988,0.0097752,-0.010264,-0.0053763,-0.025415,-0.00048876,0.01955,-0.035191,0.0097752,-0.015152,-0.025415,-0.040567,0.0097752,-0.020528,-0.035191,0.024438,0.0097752,-0.015152,-0.00048876,-0.010264,0.0043988,-0.00048876,0.0097752,0.024438,-0.00048876,-0.0053763,-0.045455,-0.050342,-0.040567,-0.050342,-0.010264,0.01955,0.039589,0.044477,0.0043988,0.029814,0.014663,0.0043988,0.039589,0.054741,0.079668,0.029814,-0.0053763,0.01955,-0.00048876,0.0097752,-0.45552,0.024438,-0.020528,0.024438,0.079668,0.10948,0.1696,0.28495,0.35973,0.435,0.54008,0.60508,0.45992,0.3651,0.24976,0.029814,-0.1002,-0.16031,-0.16569,-0.18573,-0.17058,-0.1955,-0.15054,-0.13539,-0.16031,-0.12561,-0.16031,-0.17546,-0.11535,-0.12561,-0.11535,-0.12561,-0.1305,-0.09042,-0.11535,-0.13539,-0.1002,-0.11535,-0.085533,-0.065494,-0.065494,-0.1002,-0.10557,-0.075269,-0.060606,-0.075269,-0.095308,-0.10557,-0.1305,-0.050342,-0.015152,-0.050342,-0.065494,0.0097752,0.024438,-0.065494,-0.040567,-0.015152,-0.060606,-0.075269,-0.020528,-0.05523,-0.050342,-0.025415,-0.015152,0.0043988,-0.040567,-0.025415,-0.00048876,-0.010264,0.014663,-0.050342,-0.075269,-0.1002,0.0097752,-0.030303,0.024438,0.034702,0.0097752,0.029814,0.044477,0.0043988,-0.010264,-0.045455,-0.015152,-0.025415,-0.040567,-0.025415,-0.060606,-0.025415,-0.050342,0.029814,0.059629,0.054741,0.12952,0.084555,0.039589,0.054741,0.084555,0.01955,0.014663,0.01955,0.049853,-0.37586,0.059629,-0.00048876,-0.0053763,0.044477,0.12463,0.14956,0.22483,0.30499,0.41007,0.48485,0.57527,0.50489,0.41496,0.33969,0.12463,-0.060606,-0.09042,-0.11046,-0.15054,-0.15543,-0.16031,-0.14565,-0.12023,-0.15054,-0.10557,-0.1002,-0.085533,-0.085533,-0.075269,-0.12023,-0.09042,-0.075269,-0.060606,-0.11046,-0.025415,-0.030303,-0.080645,-0.11535,-0.12023,-0.050342,-0.075269,-0.080645,-0.050342,-0.10557,-0.070381,-0.05523,-0.065494,-0.050342,-0.060606,-0.045455,-0.050342,0.0043988,-0.050342,-0.035191,-0.00048876,-0.025415,-0.035191,-0.0053763,-0.00048876,-0.030303,-0.040567,-0.00048876,0.024438,0.049853,-0.010264,-0.030303,-0.050342,-0.0053763,0.014663,-0.010264,-0.025415,-0.030303,0.014663,-0.0053763,-0.025415,0.029814,-0.035191,-0.1002,-0.020528,-0.070381,-0.075269,-0.040567,-0.020528,-0.025415,-0.015152,-0.045455,-0.010264,-0.015152,0.0043988,0.014663,0.029814,0.01955,0.014663,0.01955,0.024438,0.029814,0.014663,0.034702,0.039589,-0.075269,-0.11535,-0.45552,0.039589,-0.0053763,-0.010264,0.034702,0.014663,0.069892,0.14467,0.35973,0.50978,0.61486,0.68035,0.54008,0.435,0.31476,0.069892,-0.10557,-0.20039,-0.19062,-0.1955,-0.19062,-0.17546,-0.18035,-0.16569,-0.18573,-0.17058,-0.17546,-0.18035,-0.15054,-0.1305,-0.1002,-0.095308,-0.12561,-0.1002,-0.12561,-0.075269,-0.070381,-0.095308,-0.095308,-0.070381,-0.075269,-0.080645,-0.065494,-0.050342,-0.1002,-0.12023,-0.095308,-0.050342,-0.045455,-0.1002,-0.080645,-0.065494,-0.030303,-0.050342,-0.045455,-0.050342,-0.030303,-0.030303,-0.025415,-0.025415,-0.010264,-0.00048876,-0.050342,-0.020528,-0.00048876,-0.05523,-0.010264,-0.00048876,-0.05523,-0.040567,-0.030303,-0.0053763,-0.010264,-0.010264,-0.020528,-0.00048876,-0.010264,-0.060606,-0.0053763,-0.050342,-0.0053763,-0.020528,-0.030303,-0.025415,-0.050342,-0.040567,-0.050342,-0.060606,-0.040567,-0.010264,-0.050342,-0.060606,-0.00048876,0.01955,0.029814,-0.0053763,0.014663,0.034702,0.0043988,-0.00048876,0.0097752,-0.020528,-0.045455,-0.0053763,-0.37586,0.01955,-0.010264,-0.050342,0.029814,0.044477,0.01955,0.14467,0.28495,0.31476,0.39003,0.51515,0.54008,0.35973,0.32991,0.1999,-0.010264,-0.070381,-0.11535,-0.11046,-0.13539,-0.095308,-0.1305,-0.19062,-0.14027,-0.11535,-0.1002,-0.1305,-0.13539,-0.15543,-0.10557,-0.025415,-0.085533,-0.11535,-0.080645,-0.050342,-0.080645,-0.12023,-0.1305,-0.075269,-0.075269,-0.015152,0.0097752,-0.10557,-0.11046,-0.070381,-0.065494,-0.10557,-0.080645,-0.085533,-0.020528,-0.050342,-0.030303,-0.050342,-0.035191,-0.015152,-0.035191,-0.060606,0.01955,-0.0053763,-0.070381,-0.0053763,-0.025415,-0.045455,-0.030303,-0.040567,-0.010264,-0.015152,-0.045455,-0.010264,0.014663,0.0043988,0.01955,-0.010264,-0.00048876,0.014663,-0.015152,0.0043988,0.01955,0.0043988,-0.020528,-0.060606,0.01955,-0.0053763,-0.020528,-0.060606,-0.015152,-0.050342,-0.00048876,-0.010264,-0.00048876,-0.0053763,-0.020528,-0.025415,-0.020528,-0.045455,-0.050342,-0.010264,-0.0053763,-0.040567,-0.050342,-0.045455,-0.030303,-0.37586,-0.020528,-0.025415,-0.0053763,0.029814,0.094819,0.14467,0.26002,0.33969,0.38514,0.52004,0.58993,0.41007,0.30499,0.20479,-0.0053763,-0.11535,-0.1305,-0.15543,-0.18035,-0.19062,-0.17546,-0.17058,-0.20039,-0.16031,-0.13539,-0.1305,-0.17058,-0.14027,-0.12561,-0.13539,-0.14027,-0.1305,-0.12023,-0.1002,-0.085533,-0.11535,-0.12023,-0.050342,-0.065494,-0.085533,-0.070381,-0.09042,-0.065494,-0.09042,-0.075269,-0.050342,-0.05523,-0.075269,-0.075269,-0.070381,-0.070381,-0.065494,-0.085533,-0.050342,-0.060606,-0.035191,-0.070381,-0.040567,-0.030303,-0.050342,-0.015152,-0.050342,-0.025415,-0.025415,-0.020528,-0.030303,-0.0053763,0.0097752,-0.010264,-0.025415,-0.010264,-0.00048876,-0.020528,-0.015152,-0.025415,-0.00048876,-0.0053763,-0.010264,-0.020528,0.0043988,0.014663,-0.0053763,-0.015152,-0.0053763,-0.050342,-0.030303,-0.035191,-0.010264,-0.0053763,-0.035191,-0.040567,-0.0053763,-0.00048876,0.01955,0.014663,0.0097752,0.029814,0.024438,0.029814,-0.00048876,-0.00048876,-0.020528,-0.2957,-0.00048876,0.014663,-0.015152,0.039589,0.054741,0.084555,0.1696,0.23998,0.34506,0.42473,0.50489,0.45503,0.34995,0.30987,0.13978,-0.040567,-0.12023,-0.16569,-0.12561,-0.12023,-0.13539,-0.16569,-0.15054,-0.12023,-0.12023,-0.11535,-0.1305,-0.10557,-0.095308,-0.12023,-0.1002,-0.080645,-0.09042,-0.095308,-0.080645,-0.05523,-0.045455,-0.065494,-0.040567,-0.05523,-0.065494,-0.050342,-0.040567,-0.035191,-0.025415,-0.010264,-0.020528,-0.030303,-0.035191,-0.030303,-0.060606,-0.075269,-0.1002,-0.025415,-0.020528,-0.065494,-0.035191,-0.0053763,0.0043988,-0.015152,-0.060606,-0.075269,-0.075269,-0.035191,-0.00048876,-0.040567,-0.025415,-0.05523,-0.060606,-0.025415,-0.050342,-0.05523,-0.070381,-0.065494,-0.075269,-0.05523,-0.025415,-0.015152,-0.05523,-0.070381,-0.045455,-0.085533,-0.040567,-0.00048876,-0.045455,-0.025415,-0.050342,-0.040567,-0.020528,-0.025415,-0.050342,-0.035191,-0.050342,-0.020528,-0.0053763,-0.030303,-0.035191,-0.020528,-0.045455,-0.060606,-0.035191,-0.025415,-0.37586,-0.00048876,-0.045455,-0.00048876,0.0097752,-0.00048876,0.089932,0.15494,0.21457,0.33969,0.45503,0.54497,0.565,0.36999,0.28495,0.11486,-0.080645,-0.15054,-0.15054,-0.1305,-0.15054,-0.16569,-0.15543,-0.16569,-0.16569,-0.16031,-0.17546,-0.12023,-0.11046,-0.11535,-0.095308,-0.12561,-0.14565,-0.12561,-0.10557,-0.14027,-0.080645,-0.080645,-0.075269,-0.075269,-0.065494,-0.050342,-0.080645,-0.085533,-0.075269,-0.085533,-0.065494,-0.050342
